# El Centro 1940 NS - GWM Matched to Hospital UHS
# Target band: 0.2-1.5s
# Spectral match: 97.13%
# AI: 3.1902 m/s, CAV: 19.5384 m/s
# Generated: 2026-02-14 10:56:20
# time(s) acceleration(m/s^2)
0.000000e+00 -1.991460e-03
2.000000e-02 -1.583940e-02
4.000000e-02 -1.484325e-02
6.000000e-02 -1.299867e-02
8.000000e-02 -1.414719e-02
1.000000e-01 -1.801138e-02
1.200000e-01 -2.151910e-02
1.400000e-01 -1.983277e-02
1.600000e-01 -1.768262e-02
1.800000e-01 -1.464381e-02
2.000000e-01 -1.543836e-02
2.200000e-01 -2.316068e-02
2.400000e-01 -3.088382e-02
2.600000e-01 -3.475810e-02
2.800000e-01 -3.135902e-02
3.000000e-01 -3.005109e-02
3.200000e-01 -2.604841e-02
3.400000e-01 -2.337995e-02
3.600000e-01 -1.840492e-02
3.800000e-01 -2.248716e-02
4.000000e-01 -3.211831e-02
4.200000e-01 -4.026079e-02
4.400000e-01 -3.989031e-02
4.600000e-01 -1.870679e-02
4.800000e-01 -1.688228e-03
5.000000e-01 1.838102e-02
5.200000e-01 -5.068001e-03
5.400000e-01 -1.149753e-02
5.600000e-01 -8.149210e-03
5.800000e-01 -1.086591e-02
6.000000e-01 -1.332000e-02
6.200000e-01 -1.732764e-02
6.400000e-01 -9.721692e-03
6.600000e-01 1.367369e-02
6.800000e-01 1.214848e-02
7.000000e-01 1.745809e-02
7.200000e-01 1.549625e-02
7.400000e-01 2.566687e-02
7.600000e-01 3.275096e-02
7.800000e-01 4.242274e-02
8.000000e-01 4.431234e-02
8.200000e-01 3.423700e-02
8.400000e-01 3.303645e-02
8.600000e-01 3.768196e-02
8.800000e-01 2.816643e-02
9.000000e-01 4.709588e-03
9.200000e-01 -1.493821e-02
9.400000e-01 -3.602990e-02
9.600000e-01 -4.609940e-02
9.800000e-01 -3.164894e-02
1.000000e+00 -1.750117e-02
1.020000e+00 7.649245e-03
1.040000e+00 3.571218e-02
1.060000e+00 6.524682e-02
1.080000e+00 7.246806e-02
1.100000e+00 8.590494e-02
1.120000e+00 7.898055e-02
1.140000e+00 1.012314e-01
1.160000e+00 7.243330e-02
1.180000e+00 5.405508e-03
1.200000e+00 -2.055200e-02
1.220000e+00 1.559105e-02
1.240000e+00 3.633585e-02
1.260000e+00 6.768843e-02
1.280000e+00 8.626102e-02
1.300000e+00 9.894245e-02
1.320000e+00 1.033072e-01
1.340000e+00 1.057029e-01
1.360000e+00 1.079533e-01
1.380000e+00 1.196440e-01
1.400000e+00 1.228334e-01
1.420000e+00 1.406741e-01
1.440000e+00 1.049433e-01
1.460000e+00 4.361911e-02
1.480000e+00 -1.637003e-03
1.500000e+00 -1.275952e-02
1.520000e+00 -4.695500e-03
1.540000e+00 -6.390150e-03
1.560000e+00 2.180501e-02
1.580000e+00 6.192929e-02
1.600000e+00 1.270591e-01
1.620000e+00 3.546370e-02
1.640000e+00 -1.897397e-01
1.660000e+00 -2.361272e-01
1.680000e+00 -1.881978e-01
1.700000e+00 -1.662079e-01
1.720000e+00 -1.190051e-01
1.740000e+00 -1.028294e-01
1.760000e+00 -1.157076e-01
1.780000e+00 -1.354626e-01
1.800000e+00 -1.687217e-01
1.820000e+00 -1.652143e-01
1.840000e+00 -1.401196e-01
1.860000e+00 -1.080067e-01
1.880000e+00 -5.921673e-02
1.900000e+00 1.900032e-03
1.920000e+00 7.098628e-02
1.940000e+00 1.272365e-01
1.960000e+00 1.776226e-01
1.980000e+00 2.060175e-01
2.000000e+00 2.319343e-01
2.020000e+00 2.402816e-01
2.040000e+00 2.642482e-01
2.060000e+00 2.792235e-01
2.080000e+00 3.081932e-01
2.100000e+00 3.322117e-01
2.120000e+00 3.801295e-01
2.140000e+00 3.175265e-01
2.160000e+00 2.735848e-01
2.180000e+00 -2.171539e-01
2.200000e+00 -3.691902e-01
2.220000e+00 -2.519952e-01
2.240000e+00 -2.877866e-01
2.260000e+00 -1.871639e-01
2.280000e+00 -1.567132e-01
2.300000e+00 -9.520985e-02
2.320000e+00 -7.442145e-02
2.340000e+00 -2.545472e-02
2.360000e+00 2.796008e-02
2.380000e+00 8.626004e-02
2.400000e+00 1.978995e-01
2.420000e+00 5.875500e-02
2.440000e+00 -3.783752e-01
2.460000e+00 -1.928715e-01
2.480000e+00 -2.070128e-01
2.500000e+00 -1.048282e-01
2.520000e+00 -5.887148e-02
2.540000e+00 3.625797e-02
2.560000e+00 -1.217323e-01
2.580000e+00 -3.309998e-01
2.600000e+00 -2.843235e-01
2.620000e+00 -2.806547e-01
2.640000e+00 -2.265770e-01
2.660000e+00 -1.593274e-01
2.680000e+00 -9.357888e-02
2.700000e+00 -2.882757e-02
2.720000e+00 2.553276e-02
2.740000e+00 7.478587e-02
2.760000e+00 1.123085e-01
2.780000e+00 1.443606e-01
2.800000e+00 9.667743e-02
2.820000e+00 3.901268e-02
2.840000e+00 -2.900534e-02
2.860000e+00 -5.386545e-02
2.880000e+00 -2.724535e-02
2.900000e+00 -1.799263e-02
2.920000e+00 1.272595e-02
2.940000e+00 3.715648e-02
2.960000e+00 7.084569e-02
2.980000e+00 9.549082e-02
3.000000e+00 1.224740e-01
3.020000e+00 -1.224258e-03
3.040000e+00 -5.193803e-02
3.060000e+00 -1.301525e-02
3.080000e+00 -1.504856e-02
3.100000e+00 2.494626e-02
3.120000e+00 4.907117e-02
3.140000e+00 8.820055e-02
3.160000e+00 1.177194e-01
3.180000e+00 1.456948e-01
3.200000e+00 -2.708265e-02
3.220000e+00 -2.749758e-02
3.240000e+00 3.513914e-02
3.260000e+00 3.485108e-02
3.280000e+00 1.278272e-01
3.300000e+00 1.335629e-01
3.320000e+00 2.376330e-01
3.340000e+00 -1.961227e-01
3.360000e+00 -2.473097e-01
3.380000e+00 -1.508361e-01
3.400000e+00 -1.230786e-01
3.420000e+00 -2.521925e-02
3.440000e+00 7.088641e-02
3.460000e+00 -1.783840e-01
3.480000e+00 -2.325462e-01
3.500000e+00 -1.632285e-01
3.520000e+00 -1.694136e-01
3.540000e+00 -1.044556e-01
3.560000e+00 -6.917027e-02
3.580000e+00 -1.436102e-02
3.600000e+00 1.436507e-03
3.620000e+00 -7.820913e-02
3.640000e+00 -2.746837e-02
3.660000e+00 -3.201995e-02
3.680000e+00 -2.897994e-03
3.700000e+00 9.573392e-03
3.720000e+00 4.366379e-02
3.740000e+00 6.312747e-02
3.760000e+00 7.201163e-02
3.780000e+00 6.580475e-03
3.800000e+00 -3.861098e-02
3.820000e+00 -7.632710e-02
3.840000e+00 -3.327605e-02
3.860000e+00 -1.543678e-02
3.880000e+00 3.796973e-02
3.900000e+00 7.959651e-02
3.920000e+00 1.423660e-01
3.940000e+00 1.904892e-01
3.960000e+00 2.385809e-01
3.980000e+00 5.479700e-02
4.000000e+00 7.071099e-03
4.020000e+00 4.955258e-02
4.040000e+00 6.101013e-02
4.060000e+00 1.349794e-02
4.080000e+00 7.063661e-04
4.100000e+00 4.133464e-02
4.120000e+00 4.624879e-02
4.140000e+00 8.352866e-02
4.160000e+00 9.864994e-02
4.180000e+00 1.386779e-01
4.200000e+00 1.595725e-01
4.220000e+00 2.040520e-01
4.240000e+00 2.301971e-01
4.260000e+00 2.792974e-01
4.280000e+00 2.703015e-01
4.300000e+00 2.943703e-01
4.320000e+00 2.720142e-01
4.340000e+00 2.063634e-01
4.360000e+00 -1.421894e-01
4.380000e+00 -2.724470e-02
4.400000e+00 1.577090e-02
4.420000e+00 4.900925e-02
4.440000e+00 -4.604418e-02
4.460000e+00 -1.020435e-01
4.480000e+00 -1.997673e-01
4.500000e+00 -1.232724e-01
4.520000e+00 -9.230166e-02
4.540000e+00 -2.557939e-02
4.560000e+00 3.501044e-03
4.580000e+00 5.957335e-02
4.600000e+00 8.183377e-02
4.620000e+00 1.246707e-01
4.640000e+00 1.436266e-01
4.660000e+00 1.674861e-01
4.680000e+00 -1.477399e-01
4.700000e+00 -1.879567e-01
4.720000e+00 -1.284081e-01
4.740000e+00 -9.601257e-02
4.760000e+00 4.269655e-03
4.780000e+00 9.820294e-02
4.800000e+00 1.940212e-01
4.820000e+00 3.142161e-01
4.840000e+00 2.252244e-01
4.860000e+00 -2.106369e-01
4.880000e+00 -1.471947e-01
4.900000e+00 -1.607409e-01
4.920000e+00 -1.391376e-01
4.940000e+00 -8.239830e-02
4.960000e+00 -2.049069e-01
4.980000e+00 -3.369286e-01
5.000000e+00 -2.671323e-01
5.020000e+00 -2.766706e-01
5.040000e+00 -2.176016e-01
5.060000e+00 -1.838193e-01
5.080000e+00 -1.298585e-01
5.100000e+00 -8.771790e-02
5.120000e+00 -9.071354e-02
5.140000e+00 -1.866838e-01
5.160000e+00 -1.885576e-01
5.180000e+00 -1.819495e-01
5.200000e+00 -1.808935e-01
5.220000e+00 -1.166861e-01
5.240000e+00 -8.987556e-02
5.260000e+00 2.721713e-03
5.280000e+00 -1.213663e-01
5.300000e+00 -2.388392e-01
5.320000e+00 -1.213148e-01
5.340000e+00 -1.328835e-01
5.360000e+00 -4.721165e-02
5.380000e+00 -9.201266e-03
5.400000e+00 5.959042e-02
5.420000e+00 1.071880e-01
5.440000e+00 1.391374e-01
5.460000e+00 7.757591e-02
5.480000e+00 3.498692e-02
5.500000e+00 -2.753204e-04
5.520000e+00 4.487545e-02
5.540000e+00 6.606882e-02
5.560000e+00 1.153450e-01
5.580000e+00 1.512053e-01
5.600000e+00 1.986401e-01
5.620000e+00 2.377078e-01
5.640000e+00 2.756806e-01
5.660000e+00 1.917515e-01
5.680000e+00 9.917382e-02
5.700000e+00 3.671973e-02
5.720000e+00 5.465277e-02
5.740000e+00 6.501941e-02
5.760000e+00 8.468952e-02
5.780000e+00 4.766630e-02
5.800000e+00 1.902445e-03
5.820000e+00 -9.497366e-03
5.840000e+00 -6.832811e-04
5.860000e+00 -1.729994e-02
5.880000e+00 -1.989897e-02
5.900000e+00 -6.563936e-03
5.920000e+00 6.078645e-03
5.940000e+00 3.732532e-02
5.960000e+00 7.070493e-02
5.980000e+00 9.917076e-02
6.000000e+00 5.031852e-02
6.020000e+00 5.430945e-03
6.040000e+00 -5.298387e-02
6.060000e+00 -1.110730e-02
6.080000e+00 2.083000e-02
6.100000e+00 3.902882e-02
6.120000e+00 -1.551315e-02
6.140000e+00 -5.571126e-03
6.160000e+00 1.191149e-02
6.180000e+00 2.945133e-02
6.200000e+00 5.295872e-02
6.220000e+00 7.067652e-02
6.240000e+00 1.740838e-02
6.260000e+00 -1.158877e-02
6.280000e+00 -2.425368e-02
6.300000e+00 -8.066438e-03
6.320000e+00 1.647303e-03
6.340000e+00 -4.974139e-03
6.360000e+00 -2.454650e-02
6.380000e+00 -1.615002e-02
6.400000e+00 -1.335424e-02
6.420000e+00 -5.421033e-03
6.440000e+00 1.604530e-03
6.460000e+00 -1.893290e-02
6.480000e+00 -5.512112e-02
6.500000e+00 -7.193688e-02
6.520000e+00 -4.539779e-02
6.540000e+00 -4.367344e-02
6.560000e+00 -3.439037e-02
6.580000e+00 -2.668730e-02
6.600000e+00 -9.682076e-03
6.620000e+00 2.353352e-02
6.640000e+00 -2.155756e-02
6.660000e+00 -1.836557e-02
6.680000e+00 -9.294249e-03
6.700000e+00 -1.922870e-02
6.720000e+00 -1.932230e-02
6.740000e+00 -1.694060e-02
6.760000e+00 -2.077783e-03
6.780000e+00 9.511452e-03
6.800000e+00 3.387003e-02
6.820000e+00 5.200614e-02
6.840000e+00 1.039589e-01
6.860000e+00 1.152405e-01
6.880000e+00 2.799797e-02
6.900000e+00 -3.749978e-02
6.920000e+00 -1.677524e-02
6.940000e+00 -4.482005e-03
6.960000e+00 2.528970e-02
6.980000e+00 9.094834e-03
7.000000e+00 -3.010052e-02
7.020000e+00 -6.653315e-02
7.040000e+00 -6.074940e-02
7.060000e+00 -2.952883e-02
7.080000e+00 -4.077230e-03
7.100000e+00 2.561779e-02
7.120000e+00 4.925403e-02
7.140000e+00 6.374250e-02
7.160000e+00 2.006541e-02
7.180000e+00 -2.171414e-02
7.200000e+00 -2.832484e-02
7.220000e+00 -1.051057e-02
7.240000e+00 -2.891860e-02
7.260000e+00 -1.892258e-02
7.280000e+00 -7.017775e-03
7.300000e+00 8.711541e-03
7.320000e+00 2.046527e-02
7.340000e+00 3.972742e-02
7.360000e+00 3.455558e-02
7.380000e+00 1.187005e-02
7.400000e+00 -1.094380e-03
7.420000e+00 2.937409e-02
7.440000e+00 6.382488e-02
7.460000e+00 7.208132e-02
7.480000e+00 2.764680e-02
7.500000e+00 1.295821e-02
7.520000e+00 -3.928072e-03
7.540000e+00 -3.874757e-03
7.560000e+00 6.788374e-03
7.580000e+00 1.275174e-02
7.600000e+00 3.653799e-02
7.620000e+00 5.312160e-02
7.640000e+00 7.619255e-02
7.660000e+00 7.851699e-02
7.680000e+00 6.141927e-02
7.700000e+00 5.743171e-02
7.720000e+00 8.112725e-02
7.740000e+00 1.101296e-01
7.760000e+00 5.258059e-02
7.780000e+00 5.936723e-02
7.800000e+00 1.331153e-02
7.820000e+00 -3.112040e-02
7.840000e+00 -3.771620e-02
7.860000e+00 -6.064898e-02
7.880000e+00 -6.179262e-02
7.900000e+00 -7.029489e-02
7.920000e+00 -6.466405e-02
7.940000e+00 -6.830668e-02
7.960000e+00 -9.238737e-03
7.980000e+00 2.539239e-02
8.000000e+00 -3.139320e-02
8.020000e+00 -7.316473e-02
8.040000e+00 -7.872457e-02
8.060000e+00 -5.396130e-02
8.080000e+00 -6.026073e-02
8.100000e+00 -4.595311e-02
8.120000e+00 -4.710446e-02
8.140000e+00 -3.957278e-02
8.160000e+00 -3.955097e-02
8.180000e+00 -4.012026e-02
8.200000e+00 -5.129077e-02
8.220000e+00 -4.597621e-02
8.240000e+00 -3.242016e-02
8.260000e+00 -1.194738e-02
8.280000e+00 1.235086e-02
8.300000e+00 4.091633e-02
8.320000e+00 4.519085e-02
8.340000e+00 5.226077e-02
8.360000e+00 4.976080e-02
8.380000e+00 5.226465e-02
8.400000e+00 4.181311e-02
8.420000e+00 4.446209e-02
8.440000e+00 1.604943e-02
8.460000e+00 3.106233e-02
8.480000e+00 1.957729e-02
8.500000e+00 5.608150e-02
8.520000e+00 -1.271957e-01
8.540000e+00 -1.991841e-01
8.560000e+00 -1.977160e-01
8.580000e+00 -1.991922e-01
8.600000e+00 -1.756430e-01
8.620000e+00 -1.535659e-01
8.640000e+00 -1.225089e-01
8.660000e+00 -9.630967e-02
8.680000e+00 -6.584119e-02
8.700000e+00 -3.846385e-02
8.720000e+00 -9.319791e-03
8.740000e+00 -1.388604e-02
8.760000e+00 -2.728451e-02
8.780000e+00 -2.213457e-02
8.800000e+00 1.201551e-02
8.820000e+00 2.349583e-02
8.840000e+00 6.859678e-03
8.860000e+00 3.836063e-02
8.880000e+00 8.517135e-02
8.900000e+00 1.271244e-01
8.920000e+00 1.761436e-01
8.940000e+00 2.497466e-01
8.960000e+00 1.628935e-01
8.980000e+00 -1.624359e-01
9.000000e+00 -5.438558e-02
9.020000e+00 -6.601481e-02
9.040000e+00 -3.524786e-02
9.060000e+00 -1.418252e-01
9.080000e+00 -9.707257e-02
9.100000e+00 -8.838519e-02
9.120000e+00 -9.912853e-02
9.140000e+00 -8.175445e-02
9.160000e+00 -4.466029e-03
9.180000e+00 5.515832e-02
9.200000e+00 1.570321e-01
9.220000e+00 2.453636e-01
9.240000e+00 1.389400e-01
9.260000e+00 5.960312e-02
9.280000e+00 9.773823e-02
9.300000e+00 1.899040e-02
9.320000e+00 -1.441792e-02
9.340000e+00 -7.697430e-02
9.360000e+00 -1.221617e-01
9.380000e+00 -1.697064e-01
9.400000e+00 -1.697058e-01
9.420000e+00 -1.186276e-01
9.440000e+00 -5.474618e-02
9.460000e+00 3.831165e-03
9.480000e+00 7.977404e-02
9.500000e+00 1.732294e-01
9.520000e+00 2.365018e-01
9.540000e+00 -4.028053e-02
9.560000e+00 4.434105e-03
9.580000e+00 -8.854764e-03
9.600000e+00 2.290442e-03
9.620000e+00 2.079532e-02
9.640000e+00 7.831159e-02
9.660000e+00 1.166947e-01
9.680000e+00 -3.098612e-02
9.700000e+00 -8.768296e-02
9.720000e+00 -2.571765e-02
9.740000e+00 -2.659410e-02
9.760000e+00 -4.928889e-03
9.780000e+00 1.013347e-02
9.800000e+00 5.554417e-02
9.820000e+00 8.287315e-02
9.840000e+00 1.103745e-01
9.860000e+00 1.175854e-01
9.880000e+00 8.698592e-02
9.900000e+00 4.477537e-02
9.920000e+00 3.608342e-03
9.940000e+00 9.848427e-03
9.960000e+00 -5.913666e-02
9.980000e+00 -6.557018e-02
1.000000e+01 -1.064049e-02
1.002000e+01 2.585443e-02
1.004000e+01 8.467939e-02
1.006000e+01 1.493505e-02
1.008000e+01 -6.887229e-03
1.010000e+01 7.573986e-03
1.012000e+01 -1.720587e-02
1.014000e+01 -4.089612e-02
1.016000e+01 -6.408644e-02
1.018000e+01 -5.203271e-02
1.020000e+01 -3.829083e-02
1.022000e+01 -1.769651e-02
1.024000e+01 2.816789e-02
1.026000e+01 7.370945e-02
1.028000e+01 1.223392e-01
1.030000e+01 1.637814e-01
1.032000e+01 1.032656e-01
1.034000e+01 2.973797e-02
1.036000e+01 -5.971270e-02
1.038000e+01 -4.566952e-02
1.040000e+01 -3.777366e-02
1.042000e+01 -1.341887e-01
1.044000e+01 -1.485321e-01
1.046000e+01 -9.139270e-02
1.048000e+01 -5.330224e-02
1.050000e+01 8.567762e-03
1.052000e+01 3.663958e-02
1.054000e+01 7.475077e-02
1.056000e+01 5.470335e-02
1.058000e+01 1.516237e-02
1.060000e+01 -3.301749e-03
1.062000e+01 -2.416051e-02
1.064000e+01 -3.850398e-02
1.066000e+01 -2.549995e-02
1.068000e+01 -4.469021e-02
1.070000e+01 -6.949549e-02
1.072000e+01 -9.437942e-02
1.074000e+01 -1.062872e-01
1.076000e+01 -6.550569e-02
1.078000e+01 -3.947284e-02
1.080000e+01 7.583993e-03
1.082000e+01 1.694930e-02
1.084000e+01 -2.964294e-04
1.086000e+01 1.834665e-03
1.088000e+01 -2.501190e-02
1.090000e+01 -6.366760e-02
1.092000e+01 -1.819526e-02
1.094000e+01 2.143627e-03
1.096000e+01 4.266009e-02
1.098000e+01 7.550265e-02
1.100000e+01 8.061660e-02
1.102000e+01 1.835836e-02
1.104000e+01 -2.860103e-02
1.106000e+01 -9.051808e-02
1.108000e+01 -7.298722e-02
1.110000e+01 -5.548083e-02
1.112000e+01 -2.519936e-02
1.114000e+01 2.659359e-03
1.116000e+01 4.275330e-02
1.118000e+01 2.580655e-02
1.120000e+01 -3.931205e-02
1.122000e+01 -6.484890e-02
1.124000e+01 -9.761183e-02
1.126000e+01 -9.079261e-02
1.128000e+01 -7.634111e-02
1.130000e+01 -6.132479e-02
1.132000e+01 -4.264343e-02
1.134000e+01 -2.542423e-02
1.136000e+01 -1.712839e-02
1.138000e+01 -5.639960e-02
1.140000e+01 -6.879723e-02
1.142000e+01 -1.104231e-01
1.144000e+01 -1.413683e-01
1.146000e+01 -1.096219e-01
1.148000e+01 -9.592583e-02
1.150000e+01 -7.147366e-02
1.152000e+01 -5.910765e-02
1.154000e+01 -4.249664e-02
1.156000e+01 -2.693860e-02
1.158000e+01 1.115382e-03
1.160000e+01 2.518185e-02
1.162000e+01 5.394185e-02
1.164000e+01 7.722021e-02
1.166000e+01 9.704149e-02
1.168000e+01 1.192351e-01
1.170000e+01 1.378283e-01
1.172000e+01 1.457905e-01
1.174000e+01 1.544643e-01
1.176000e+01 1.638299e-01
1.178000e+01 1.767860e-01
1.180000e+01 2.168176e-01
1.182000e+01 2.499793e-01
1.184000e+01 2.879453e-01
1.186000e+01 1.730907e-01
1.188000e+01 5.868779e-02
1.190000e+01 -2.387919e-02
1.192000e+01 -9.827728e-02
1.194000e+01 -7.908382e-02
1.196000e+01 -9.681724e-02
1.198000e+01 -1.374224e-01
1.200000e+01 -1.747555e-01
1.202000e+01 -1.630748e-01
1.204000e+01 -1.430299e-01
1.206000e+01 -1.234546e-01
1.208000e+01 -9.741320e-02
1.210000e+01 -1.075630e-01
1.212000e+01 -1.144057e-01
1.214000e+01 -1.170004e-01
1.216000e+01 -1.188150e-01
1.218000e+01 -1.218403e-01
1.220000e+01 -1.227666e-01
1.222000e+01 -1.269708e-01
1.224000e+01 -7.741799e-02
1.226000e+01 7.696922e-03
1.228000e+01 3.023699e-02
1.230000e+01 3.337489e-02
1.232000e+01 8.161791e-02
1.234000e+01 4.161546e-02
1.236000e+01 2.952331e-02
1.238000e+01 6.580231e-02
1.240000e+01 8.096043e-02
1.242000e+01 7.159419e-02
1.244000e+01 4.680654e-02
1.246000e+01 2.393945e-02
1.248000e+01 2.474816e-02
1.250000e+01 6.848399e-02
1.252000e+01 4.721094e-02
1.254000e+01 3.980102e-02
1.256000e+01 6.168227e-02
1.258000e+01 3.392609e-02
1.260000e+01 1.230301e-02
1.262000e+01 1.122268e-02
1.264000e+01 -2.143845e-02
1.266000e+01 -1.061189e-02
1.268000e+01 -1.787936e-03
1.270000e+01 1.224744e-02
1.272000e+01 7.798019e-03
1.274000e+01 -1.998701e-02
1.276000e+01 -4.518995e-02
1.278000e+01 -3.423680e-02
1.280000e+01 -3.014520e-03
1.282000e+01 2.773232e-02
1.284000e+01 6.346183e-02
1.286000e+01 6.517468e-02
1.288000e+01 7.571794e-02
1.290000e+01 6.874972e-02
1.292000e+01 7.047982e-02
1.294000e+01 2.821313e-02
1.296000e+01 3.233889e-02
1.298000e+01 3.987467e-02
1.300000e+01 5.729849e-02
1.302000e+01 7.356949e-02
1.304000e+01 8.427015e-02
1.306000e+01 8.586544e-02
1.308000e+01 1.203069e-01
1.310000e+01 1.166376e-01
1.312000e+01 1.390367e-01
1.314000e+01 5.015651e-02
1.316000e+01 6.034043e-03
1.318000e+01 -1.865317e-02
1.320000e+01 -5.158264e-02
1.322000e+01 -6.316768e-02
1.324000e+01 -6.165363e-02
1.326000e+01 -4.085903e-02
1.328000e+01 -4.008922e-02
1.330000e+01 1.057893e-02
1.332000e+01 6.271386e-02
1.334000e+01 -3.427780e-02
1.336000e+01 -5.722895e-02
1.338000e+01 -1.246908e-02
1.340000e+01 2.021579e-02
1.342000e+01 6.526277e-02
1.344000e+01 3.728698e-03
1.346000e+01 -1.028530e-01
1.348000e+01 -1.174313e-01
1.350000e+01 -3.720886e-02
1.352000e+01 -2.013891e-02
1.354000e+01 1.135735e-02
1.356000e+01 -1.720685e-02
1.358000e+01 -3.723249e-02
1.360000e+01 -4.930824e-02
1.362000e+01 -3.989089e-02
1.364000e+01 -4.460466e-02
1.366000e+01 -2.973900e-02
1.368000e+01 -1.016192e-02
1.370000e+01 -5.893727e-03
1.372000e+01 1.515676e-02
1.374000e+01 4.327373e-02
1.376000e+01 5.034044e-02
1.378000e+01 1.405798e-01
1.380000e+01 1.318959e-01
1.382000e+01 2.605499e-02
1.384000e+01 -5.358281e-02
1.386000e+01 -1.466165e-01
1.388000e+01 -1.190871e-01
1.390000e+01 -1.098115e-01
1.392000e+01 -7.963247e-02
1.394000e+01 -4.886470e-02
1.396000e+01 -1.912749e-02
1.398000e+01 4.279703e-03
1.400000e+01 2.150408e-02
1.402000e+01 7.449984e-02
1.404000e+01 -3.519301e-03
1.406000e+01 -7.226442e-02
1.408000e+01 -5.297940e-02
1.410000e+01 -1.019988e-01
1.412000e+01 -7.623670e-02
1.414000e+01 -5.489086e-02
1.416000e+01 1.267817e-02
1.418000e+01 9.275985e-02
1.420000e+01 1.235270e-01
1.422000e+01 1.881518e-01
1.424000e+01 2.043454e-01
1.426000e+01 1.749046e-01
1.428000e+01 1.102811e-01
1.430000e+01 3.285061e-02
1.432000e+01 -1.322466e-02
1.434000e+01 -3.368578e-02
1.436000e+01 1.062447e-02
1.438000e+01 2.637645e-02
1.440000e+01 7.981359e-02
1.442000e+01 5.846924e-02
1.444000e+01 6.358482e-03
1.446000e+01 -1.233613e-02
1.448000e+01 -2.749776e-02
1.450000e+01 -3.207727e-03
1.452000e+01 6.204356e-04
1.454000e+01 -1.748534e-02
1.456000e+01 -3.117490e-02
1.458000e+01 -4.486445e-02
1.460000e+01 -7.563010e-02
1.462000e+01 -1.072790e-01
1.464000e+01 -8.549149e-02
1.466000e+01 -3.941473e-02
1.468000e+01 -2.645970e-02
1.470000e+01 5.632327e-03
1.472000e+01 1.417113e-02
1.474000e+01 1.991298e-02
1.476000e+01 3.227918e-02
1.478000e+01 6.407679e-02
1.480000e+01 1.314368e-02
1.482000e+01 -8.092127e-02
1.484000e+01 -8.195097e-02
1.486000e+01 -3.602143e-02
1.488000e+01 -1.217304e-02
1.490000e+01 3.655345e-02
1.492000e+01 6.010743e-02
1.494000e+01 2.654482e-02
1.496000e+01 -4.220834e-03
1.498000e+01 -3.601694e-02
1.500000e+01 -2.452850e-03
1.502000e+01 3.611631e-02
1.504000e+01 7.071086e-02
1.506000e+01 1.150211e-01
1.508000e+01 9.132142e-02
1.510000e+01 4.848472e-02
1.512000e+01 -2.301179e-03
1.514000e+01 -2.894503e-02
1.516000e+01 -3.659909e-02
1.518000e+01 -3.144608e-02
1.520000e+01 -1.643015e-02
1.522000e+01 7.123816e-03
1.524000e+01 3.524122e-02
1.526000e+01 -5.240151e-03
1.528000e+01 -3.203121e-02
1.530000e+01 -6.956843e-02
1.532000e+01 -5.366926e-02
1.534000e+01 -2.893764e-02
1.536000e+01 -2.881144e-03
1.538000e+01 2.479463e-02
1.540000e+01 -1.200655e-02
1.542000e+01 5.068356e-04
1.544000e+01 3.362930e-02
1.546000e+01 5.482794e-02
1.548000e+01 8.824480e-02
1.550000e+01 7.573289e-02
1.552000e+01 6.336817e-02
1.554000e+01 5.041463e-02
1.556000e+01 7.411579e-02
1.558000e+01 9.590326e-02
1.560000e+01 1.003202e-01
1.562000e+01 2.509783e-02
1.564000e+01 -2.524647e-02
1.566000e+01 -7.779888e-02
1.568000e+01 -9.796561e-02
1.570000e+01 -5.718836e-02
1.572000e+01 -3.289837e-02
1.574000e+01 -5.075389e-03
1.576000e+01 1.730090e-02
1.578000e+01 -1.905867e-02
1.580000e+01 -5.188525e-02
1.582000e+01 -7.587939e-02
1.584000e+01 -4.952849e-02
1.586000e+01 -3.230447e-02
1.588000e+01 -1.978969e-03
1.590000e+01 2.069173e-02
1.592000e+01 1.009350e-02
1.594000e+01 -9.484400e-03
1.596000e+01 -1.787452e-02
1.598000e+01 -4.760975e-02
1.600000e+01 -5.114201e-02
1.602000e+01 -1.360334e-02
1.604000e+01 1.053943e-02
1.606000e+01 4.528116e-02
1.608000e+01 6.927673e-02
1.610000e+01 8.856164e-02
1.612000e+01 8.458775e-02
1.614000e+01 4.837538e-02
1.616000e+01 -1.094860e-02
1.618000e+01 -1.145821e-01
1.620000e+01 -8.970328e-02
1.622000e+01 -6.467727e-02
1.624000e+01 -3.096600e-02
1.626000e+01 4.364554e-03
1.628000e+01 5.132451e-02
1.630000e+01 4.293438e-02
1.632000e+01 1.761537e-02
1.634000e+01 4.956014e-02
1.636000e+01 4.646949e-02
1.638000e+01 3.719612e-02
1.640000e+01 3.013085e-02
1.642000e+01 2.895390e-02
1.644000e+01 2.542162e-02
1.646000e+01 2.899550e-03
1.648000e+01 -2.138901e-02
1.650000e+01 -5.068263e-02
1.652000e+01 -5.009310e-02
1.654000e+01 -2.153411e-02
1.656000e+01 -4.310111e-03
1.658000e+01 2.483771e-02
1.660000e+01 -1.431883e-02
1.662000e+01 -3.772415e-02
1.664000e+01 -4.125644e-02
1.666000e+01 -5.730137e-02
1.668000e+01 -3.580835e-02
1.670000e+01 -3.183305e-02
1.672000e+01 -2.697450e-02
1.674000e+01 -2.579614e-02
1.676000e+01 -5.775200e-03
1.678000e+01 -4.155220e-03
1.680000e+01 -2.741334e-02
1.682000e+01 -1.828577e-02
1.684000e+01 1.262854e-02
1.686000e+01 5.031440e-02
1.688000e+01 1.021322e-01
1.690000e+01 1.337825e-01
1.692000e+01 1.253924e-01
1.694000e+01 1.117028e-01
1.696000e+01 7.534316e-02
1.698000e+01 2.720694e-02
1.700000e+01 2.035118e-03
1.702000e+01 -2.814177e-02
1.704000e+01 -2.239998e-02
1.706000e+01 -1.091709e-02
1.708000e+01 2.921117e-03
1.710000e+01 1.882023e-02
1.712000e+01 3.148078e-02
1.714000e+01 3.364798e-03
1.716000e+01 -1.842125e-02
1.718000e+01 -4.859814e-02
1.720000e+01 -7.656692e-02
1.722000e+01 -1.043885e-01
1.724000e+01 -8.539801e-02
1.726000e+01 -6.817403e-02
1.728000e+01 -4.535616e-02
1.730000e+01 -2.150783e-02
1.732000e+01 -1.486910e-03
1.734000e+01 -2.665874e-02
1.736000e+01 -4.697272e-02
1.738000e+01 -6.861157e-02
1.740000e+01 -5.771752e-02
1.742000e+01 -5.094529e-02
1.744000e+01 -4.667559e-02
1.746000e+01 -6.419263e-02
1.748000e+01 -7.243558e-02
1.750000e+01 -7.007959e-02
1.752000e+01 -6.198249e-02
1.754000e+01 -5.329656e-02
1.756000e+01 -4.093045e-02
1.758000e+01 -3.813282e-02
1.760000e+01 -2.061444e-02
1.762000e+01 -1.016202e-02
1.764000e+01 7.448306e-02
1.766000e+01 1.061334e-01
1.768000e+01 1.290985e-01
1.770000e+01 1.149672e-01
1.772000e+01 1.124653e-01
1.774000e+01 6.447629e-02
1.776000e+01 1.162940e-02
1.778000e+01 1.767155e-03
1.780000e+01 -1.869405e-02
1.782000e+01 -2.353326e-03
1.784000e+01 4.271685e-03
1.786000e+01 1.516572e-02
1.788000e+01 1.516638e-02
1.790000e+01 2.826853e-02
1.792000e+01 3.003569e-02
1.794000e+01 1.075214e-02
1.796000e+01 -8.384192e-03
1.798000e+01 -1.073885e-02
1.800000e+01 1.016530e-02
1.802000e+01 1.546544e-02
1.804000e+01 2.150161e-02
1.806000e+01 -1.462127e-03
1.808000e+01 -2.354262e-02
1.810000e+01 -2.766378e-02
1.812000e+01 -1.165736e-03
1.814000e+01 2.268256e-02
1.816000e+01 1.532284e-02
1.818000e+01 -1.706219e-02
1.820000e+01 -4.458937e-02
1.822000e+01 -4.561917e-02
1.824000e+01 -1.411608e-02
1.826000e+01 -8.668737e-03
1.828000e+01 4.587921e-04
1.830000e+01 2.814768e-03
1.832000e+01 7.231650e-03
1.834000e+01 8.262756e-03
1.836000e+01 1.415171e-02
1.838000e+01 1.959905e-02
1.840000e+01 2.592963e-02
1.842000e+01 3.196579e-02
1.844000e+01 3.829637e-02
1.846000e+01 4.433254e-02
1.848000e+01 5.081032e-02
1.850000e+01 5.669927e-02
1.852000e+01 6.965420e-02
1.854000e+01 5.773102e-02
1.856000e+01 3.491448e-02
1.858000e+01 1.680858e-02
1.860000e+01 -1.174907e-02
1.862000e+01 -1.837277e-02
1.864000e+01 7.830842e-03
1.866000e+01 3.856878e-03
1.868000e+01 -3.691901e-02
1.870000e+01 -8.343599e-02
1.872000e+01 -9.285664e-02
1.874000e+01 -8.711490e-02
1.876000e+01 -6.091129e-02
1.878000e+01 -1.012401e-02
1.880000e+01 3.992724e-02
1.882000e+01 4.066392e-02
1.884000e+01 -3.203330e-03
1.886000e+01 -8.943793e-03
1.888000e+01 -1.630354e-02
1.890000e+01 -3.264296e-02
1.892000e+01 -6.134781e-02
1.894000e+01 -7.650957e-02
1.896000e+01 -3.278826e-02
1.898000e+01 4.308709e-03
1.900000e+01 1.152252e-02
1.902000e+01 2.035561e-02
1.904000e+01 2.506689e-02
1.906000e+01 3.713855e-02
1.908000e+01 4.744372e-02
1.910000e+01 5.745447e-02
1.912000e+01 2.403896e-02
1.914000e+01 -2.012272e-02
1.916000e+01 -4.764992e-02
1.918000e+01 -4.293865e-02
1.920000e+01 -4.234919e-02
1.922000e+01 -4.485109e-02
1.924000e+01 -5.000274e-02
1.926000e+01 -3.616459e-02
1.928000e+01 -1.128586e-02
1.930000e+01 1.830350e-02
1.932000e+01 5.525325e-02
1.934000e+01 5.908128e-02
1.936000e+01 3.597029e-02
1.938000e+01 2.286943e-02
1.940000e+01 -5.982649e-03
1.942000e+01 -2.261650e-02
1.944000e+01 -4.263612e-02
1.946000e+01 -4.661010e-02
1.948000e+01 -1.643191e-02
1.950000e+01 1.374628e-02
1.952000e+01 4.922395e-02
1.954000e+01 8.470161e-02
1.956000e+01 6.232667e-02
1.958000e+01 2.096193e-02
1.960000e+01 -1.118607e-03
1.962000e+01 -1.996057e-02
1.964000e+01 -3.983299e-02
1.966000e+01 -5.028412e-02
1.968000e+01 -5.263883e-02
1.970000e+01 -5.837932e-02
1.972000e+01 -5.926195e-02
1.974000e+01 -7.192120e-02
1.976000e+01 -7.074293e-02
1.978000e+01 -5.984894e-02
1.980000e+01 -5.999554e-02
1.982000e+01 -5.175130e-02
1.984000e+01 -2.760864e-02
1.986000e+01 -8.471029e-03
1.988000e+01 6.397554e-03
1.990000e+01 -2.875921e-03
1.992000e+01 -1.067732e-02
1.994000e+01 -2.495586e-02
1.996000e+01 -1.700604e-02
1.998000e+01 1.847162e-02
2.000000e+01 5.262440e-02
2.002000e+01 9.619848e-02
2.004000e+01 1.053260e-01
2.006000e+01 1.120981e-01
2.008000e+01 1.087129e-01
2.010000e+01 9.237349e-02
2.012000e+01 7.117619e-02
2.014000e+01 3.879110e-02
2.016000e+01 -6.548262e-03
2.018000e+01 -4.246633e-02
2.020000e+01 -5.659767e-02
2.022000e+01 -7.249550e-02
2.024000e+01 -6.307361e-02
2.026000e+01 -6.130652e-02
2.028000e+01 -4.069685e-02
2.030000e+01 -7.721734e-03
2.032000e+01 3.482188e-02
2.034000e+01 6.264472e-02
2.036000e+01 8.884829e-02
2.038000e+01 6.647331e-02
2.040000e+01 4.174302e-02
2.042000e+01 1.848480e-02
2.044000e+01 -8.011989e-03
2.046000e+01 -4.054429e-02
2.048000e+01 -6.233044e-02
2.050000e+01 -2.582234e-02
2.052000e+01 8.679792e-05
2.054000e+01 3.733093e-02
2.056000e+01 7.074766e-02
2.058000e+01 9.430147e-02
2.060000e+01 8.149500e-02
2.062000e+01 6.073930e-02
2.064000e+01 2.702933e-02
2.066000e+01 -7.122261e-03
2.068000e+01 -4.465963e-02
2.070000e+01 -7.822239e-02
2.072000e+01 -1.042776e-01
2.074000e+01 -1.366627e-01
2.076000e+01 -1.270936e-01
2.078000e+01 -9.294082e-02
2.080000e+01 -5.540229e-02
2.082000e+01 1.275545e-02
2.084000e+01 4.543613e-02
2.086000e+01 8.665486e-02
2.088000e+01 9.033564e-02
2.090000e+01 5.662566e-02
2.092000e+01 5.162117e-02
2.094000e+01 4.573345e-02
2.096000e+01 3.616553e-02
2.098000e+01 2.749961e-03
2.100000e+01 -2.919353e-02
2.102000e+01 -2.330464e-02
2.104000e+01 -2.253371e-03
2.106000e+01 1.452888e-02
2.108000e+01 4.205729e-02
2.110000e+01 6.001720e-02
2.112000e+01 8.283496e-02
2.114000e+01 7.812489e-02
2.116000e+01 4.618140e-02
2.118000e+01 2.424802e-02
2.120000e+01 -3.573654e-03
2.122000e+01 -2.786235e-02
2.124000e+01 -4.066885e-02
2.126000e+01 -5.465300e-02
2.128000e+01 -6.628184e-02
2.130000e+01 -7.864672e-02
2.132000e+01 -7.113856e-02
2.134000e+01 -5.582840e-02
2.136000e+01 -4.360959e-02
2.138000e+01 -2.888826e-02
2.140000e+01 -2.712120e-02
2.142000e+01 -2.344044e-02
2.144000e+01 -1.755157e-02
2.146000e+01 -7.835301e-03
2.148000e+01 2.616851e-04
2.150000e+01 8.653085e-03
2.152000e+01 -3.417382e-03
2.154000e+01 -1.651830e-02
2.156000e+01 -3.020805e-02
2.158000e+01 -4.743079e-02
2.160000e+01 -5.714594e-02
2.162000e+01 -5.022662e-02
2.164000e+01 -4.227685e-02
2.166000e+01 -4.831180e-02
2.168000e+01 -5.994065e-02
2.170000e+01 -7.171671e-02
2.172000e+01 -8.290393e-02
2.174000e+01 -9.482720e-02
2.176000e+01 -8.172516e-02
2.178000e+01 -6.567897e-02
2.180000e+01 -1.201453e-03
2.182000e+01 3.722030e-02
2.184000e+01 6.047967e-02
2.186000e+01 9.477961e-02
2.188000e+01 8.521167e-02
2.190000e+01 6.975541e-02
2.192000e+01 5.650727e-02
2.194000e+01 5.665503e-02
2.196000e+01 5.003123e-02
2.198000e+01 5.253431e-02
2.200000e+01 1.159383e-03
2.202000e+01 -3.740848e-02
2.204000e+01 -6.773271e-02
2.206000e+01 -6.935145e-02
2.208000e+01 -3.269619e-02
2.210000e+01 -9.584042e-03
2.212000e+01 2.412706e-02
2.214000e+01 5.224427e-02
2.216000e+01 7.417876e-02
2.218000e+01 5.460068e-02
2.220000e+01 4.120533e-02
2.222000e+01 2.324653e-02
2.224000e+01 6.023777e-03
2.226000e+01 -3.985803e-03
2.228000e+01 3.080706e-03
2.230000e+01 6.467023e-03
2.232000e+01 1.456398e-02
2.234000e+01 1.986400e-02
2.236000e+01 1.382902e-02
2.238000e+01 8.530087e-03
2.240000e+01 3.231148e-03
2.242000e+01 -4.570322e-03
2.244000e+01 -4.569786e-03
2.246000e+01 5.830188e-04
2.248000e+01 -3.685468e-03
2.250000e+01 -1.825849e-02
2.252000e+01 -3.459801e-02
2.254000e+01 -5.976999e-02
2.256000e+01 -7.802321e-02
2.258000e+01 -1.031952e-01
2.260000e+01 -4.755015e-02
2.262000e+01 -7.656344e-03
2.264000e+01 1.383651e-02
2.266000e+01 4.828363e-02
2.268000e+01 7.036531e-02
2.270000e+01 7.492928e-02
2.272000e+01 5.270145e-02
2.274000e+01 5.034666e-02
2.276000e+01 4.504771e-02
2.278000e+01 4.195687e-02
2.280000e+01 3.871883e-02
2.282000e+01 2.473463e-02
2.284000e+01 -7.317762e-04
2.286000e+01 -3.120324e-02
2.288000e+01 -5.372549e-02
2.290000e+01 -4.562854e-02
2.292000e+01 -4.371432e-02
2.294000e+01 -4.121127e-02
2.296000e+01 -3.488082e-02
2.298000e+01 -3.914932e-02
2.300000e+01 -4.533152e-02
2.302000e+01 -5.386904e-02
2.304000e+01 -5.254366e-02
2.306000e+01 -4.532996e-02
2.308000e+01 -2.840056e-02
2.310000e+01 2.807984e-03
2.312000e+01 2.886426e-02
2.314000e+01 2.356530e-02
2.316000e+01 1.900238e-02
2.318000e+01 2.062218e-02
2.320000e+01 1.620646e-02
2.322000e+01 1.591256e-02
2.324000e+01 1.355775e-02
2.326000e+01 1.311664e-02
2.328000e+01 2.812619e-03
2.330000e+01 -1.926802e-02
2.332000e+01 -3.634360e-02
2.334000e+01 -6.416534e-02
2.336000e+01 -6.357600e-02
2.338000e+01 -4.414407e-02
2.340000e+01 -2.824514e-02
2.342000e+01 -7.046722e-03
2.344000e+01 1.429890e-02
2.346000e+01 2.475115e-02
2.348000e+01 2.180751e-02
2.350000e+01 2.548820e-02
2.352000e+01 1.150398e-02
2.354000e+01 -8.515758e-03
2.356000e+01 -3.162686e-02
2.358000e+01 -3.442330e-02
2.360000e+01 8.856261e-03
2.362000e+01 3.859272e-02
2.364000e+01 3.962367e-02
2.366000e+01 1.239075e-02
2.368000e+01 -6.009704e-03
2.370000e+01 -3.338983e-02
2.372000e+01 -1.116097e-02
2.374000e+01 4.590749e-03
2.376000e+01 2.681961e-02
2.378000e+01 4.566269e-02
2.380000e+01 7.054129e-02
2.382000e+01 6.759763e-02
2.384000e+01 2.446628e-02
2.386000e+01 -8.507747e-03
2.388000e+01 -5.826344e-02
2.390000e+01 -6.532892e-02
2.392000e+01 -3.544527e-02
2.394000e+01 -1.483570e-02
2.396000e+01 3.197684e-02
2.398000e+01 3.845447e-02
2.400000e+01 1.784589e-02
2.402000e+01 1.211911e-03
2.404000e+01 -2.469615e-02
2.406000e+01 -5.619810e-02
2.408000e+01 -8.328382e-02
2.410000e+01 -1.149330e-01
2.412000e+01 -9.108485e-02
2.414000e+01 -3.764797e-02
2.416000e+01 6.514815e-03
2.418000e+01 6.716486e-02
2.420000e+01 1.153023e-01
2.422000e+01 1.619676e-01
2.424000e+01 1.403285e-01
2.426000e+01 7.202466e-02
2.428000e+01 1.799993e-02
2.430000e+01 -5.692829e-02
2.432000e+01 -1.244961e-01
2.434000e+01 -1.810234e-01
2.436000e+01 -1.271449e-01
2.438000e+01 -9.063692e-02
2.440000e+01 -3.351986e-02
2.442000e+01 2.212512e-02
2.444000e+01 7.026251e-02
2.446000e+01 4.759301e-02
2.448000e+01 3.655291e-02
2.450000e+01 1.403062e-02
2.452000e+01 3.346251e-02
2.454000e+01 4.980304e-02
2.456000e+01 7.438719e-02
2.458000e+01 8.748916e-02
2.460000e+01 7.644906e-02
2.462000e+01 8.130738e-02
2.464000e+01 8.763779e-02
2.466000e+01 9.087683e-02
2.468000e+01 8.734432e-02
2.470000e+01 6.864941e-02
2.472000e+01 2.330993e-02
2.474000e+01 -1.128341e-02
2.476000e+01 -3.380571e-02
2.478000e+01 -4.455140e-02
2.480000e+01 -4.837833e-02
2.482000e+01 -5.353013e-02
2.484000e+01 -7.207783e-02
2.486000e+01 -9.710266e-02
2.488000e+01 -1.063763e-01
2.490000e+01 -1.153555e-01
2.492000e+01 -1.244819e-01
2.494000e+01 -8.326327e-02
2.496000e+01 -3.070967e-02
2.498000e+01 1.889978e-02
2.500000e+01 5.614379e-02
2.502000e+01 7.189547e-02
2.504000e+01 5.349498e-02
2.506000e+01 3.686097e-02
2.508000e+01 2.331833e-02
2.510000e+01 5.555727e-02
2.512000e+01 8.750180e-02
2.514000e+01 9.280173e-02
2.516000e+01 5.452820e-02
2.518000e+01 3.200589e-02
2.520000e+01 5.950585e-03
2.522000e+01 3.448513e-03
2.524000e+01 -9.063682e-03
2.526000e+01 -4.203774e-02
2.528000e+01 -5.587481e-02
2.530000e+01 -6.720934e-02
2.532000e+01 -7.427486e-02
2.534000e+01 -1.143149e-01
2.536000e+01 -9.238049e-02
2.538000e+01 -2.775587e-02
2.540000e+01 2.788908e-02
2.542000e+01 7.499600e-02
2.544000e+01 1.095903e-01
2.546000e+01 1.103267e-01
2.548000e+01 8.279936e-02
2.550000e+01 6.704858e-02
2.552000e+01 7.735357e-02
2.554000e+01 9.354686e-02
2.556000e+01 1.076792e-01
2.558000e+01 1.253446e-01
2.560000e+01 1.365328e-01
2.562000e+01 1.435993e-01
2.564000e+01 1.368282e-01
2.566000e+01 1.198997e-01
2.568000e+01 3.893594e-02
2.570000e+01 -4.246945e-02
2.572000e+01 -1.325601e-01
2.574000e+01 -2.001280e-01
2.576000e+01 -1.263765e-01
2.578000e+01 -6.881785e-02
2.580000e+01 1.199960e-02
2.582000e+01 8.751758e-02
2.584000e+01 1.212286e-01
2.586000e+01 8.192456e-02
2.588000e+01 4.438705e-02
2.590000e+01 -1.541306e-03
2.592000e+01 -5.586050e-02
2.594000e+01 -5.100221e-02
2.596000e+01 -2.864861e-03
2.598000e+01 2.657711e-02
2.600000e+01 9.326262e-02
2.602000e+01 1.487604e-01
2.604000e+01 1.649536e-01
2.606000e+01 1.634820e-01
2.608000e+01 1.384571e-01
2.610000e+01 1.185845e-01
2.612000e+01 8.958504e-02
2.614000e+01 7.486470e-02
2.616000e+01 3.040842e-02
2.618000e+01 -2.950468e-02
2.620000e+01 -8.411829e-02
2.622000e+01 -1.500669e-01
2.624000e+01 -1.957009e-01
2.626000e+01 -1.809797e-01
2.628000e+01 -1.780351e-01
2.630000e+01 -1.485931e-01
2.632000e+01 -1.120852e-01
2.634000e+01 -8.058231e-02
2.636000e+01 -7.189663e-02
2.638000e+01 -5.953076e-02
2.640000e+01 -4.274866e-02
2.642000e+01 -2.581936e-02
2.644000e+01 -2.066666e-02
2.646000e+01 -1.433631e-02
2.648000e+01 -7.269918e-03
2.650000e+01 2.887834e-03
2.652000e+01 1.186792e-02
2.654000e+01 5.243999e-03
2.656000e+01 -4.176872e-03
2.658000e+01 -8.887097e-03
2.660000e+01 -4.912071e-03
2.662000e+01 -1.820291e-03
2.664000e+01 1.128161e-02
2.666000e+01 3.027182e-02
2.668000e+01 4.823157e-02
2.670000e+01 6.633853e-02
2.672000e+01 8.503432e-02
2.674000e+01 8.282662e-02
2.676000e+01 6.840069e-02
2.678000e+01 4.425904e-02
2.680000e+01 1.584837e-02
2.682000e+01 -4.912650e-04
2.684000e+01 -4.759875e-03
2.686000e+01 -1.005894e-02
2.688000e+01 -1.476917e-02
2.690000e+01 -2.948953e-02
2.692000e+01 -2.757542e-02
2.694000e+01 3.780224e-03
2.696000e+01 1.982627e-02
2.698000e+01 3.587231e-02
2.700000e+01 3.925850e-02
2.702000e+01 3.911170e-02
2.704000e+01 2.291926e-02
2.706000e+01 -2.694466e-03
2.708000e+01 -1.388184e-02
2.710000e+01 -3.169357e-02
2.712000e+01 -2.447999e-02
2.714000e+01 -1.756082e-02
2.716000e+01 -9.316788e-03
2.718000e+01 -1.888488e-02
2.720000e+01 -2.388954e-02
2.722000e+01 -2.830537e-02
2.724000e+01 -3.551815e-02
2.726000e+01 -3.463450e-02
2.728000e+01 -2.565443e-02
2.730000e+01 -1.814644e-02
2.732000e+01 -2.712571e-02
2.734000e+01 -3.890192e-02
2.736000e+01 -4.743957e-02
2.738000e+01 -4.935287e-02
2.740000e+01 -6.672298e-02
2.742000e+01 -6.318960e-02
2.744000e+01 -4.905727e-02
2.746000e+01 -3.124474e-02
2.748000e+01 -1.004645e-02
2.750000e+01 4.527508e-03
2.752000e+01 5.532938e-04
2.754000e+01 -1.357825e-02
2.756000e+01 -1.298903e-02
2.758000e+01 -2.196830e-02
2.760000e+01 -2.402882e-02
2.762000e+01 -3.492180e-02
2.764000e+01 -4.743406e-02
2.766000e+01 -6.186002e-02
2.768000e+01 -6.715911e-02
2.770000e+01 -5.832626e-02
2.772000e+01 -5.125991e-02
2.774000e+01 -3.786362e-02
2.776000e+01 -2.520337e-02
2.778000e+01 -2.827419e-03
2.780000e+01 2.308152e-02
2.782000e+01 4.192448e-02
2.784000e+01 5.340707e-02
2.786000e+01 5.222979e-02
2.788000e+01 3.971752e-02
2.790000e+01 1.498701e-02
2.792000e+01 -6.504924e-03
2.794000e+01 -1.828116e-02
2.796000e+01 -3.594570e-02
2.798000e+01 -3.358999e-02
2.800000e+01 -1.842722e-02
2.802000e+01 -9.888798e-03
2.804000e+01 2.771441e-03
2.806000e+01 1.381239e-02
2.808000e+01 2.956399e-02
2.810000e+01 4.222423e-02
2.812000e+01 5.385401e-02
2.814000e+01 4.590517e-02
2.816000e+01 2.676855e-02
2.818000e+01 3.657323e-03
2.820000e+01 -2.283969e-02
2.822000e+01 -4.683416e-02
2.824000e+01 -3.211302e-02
2.826000e+01 -1.724467e-02
2.828000e+01 2.334319e-03
2.830000e+01 2.264935e-02
2.832000e+01 4.399483e-02
2.834000e+01 3.589878e-02
2.836000e+01 2.014793e-02
2.838000e+01 1.514324e-02
2.840000e+01 3.661409e-03
2.842000e+01 -1.343284e-03
2.844000e+01 -3.256616e-03
2.846000e+01 -5.169949e-03
2.848000e+01 -6.936075e-03
2.850000e+01 -1.297122e-02
2.852000e+01 -2.268656e-02
2.854000e+01 -2.165575e-02
2.856000e+01 -1.105643e-02
2.858000e+01 1.317173e-04
2.860000e+01 -2.812073e-03
2.862000e+01 -2.165429e-02
2.864000e+01 -3.298892e-02
2.866000e+01 -5.492251e-02
2.868000e+01 -5.359727e-02
2.870000e+01 -3.681524e-02
2.872000e+01 -2.400781e-02
2.874000e+01 -1.926302e-03
2.876000e+01 2.265774e-02
2.878000e+01 4.459204e-02
2.880000e+01 5.798829e-02
2.882000e+01 5.990235e-02
2.884000e+01 5.681135e-02
2.886000e+01 4.856807e-02
2.888000e+01 2.707611e-02
2.890000e+01 1.853842e-02
2.892000e+01 1.044235e-02
2.894000e+01 -9.041805e-06
2.896000e+01 -9.871603e-03
2.898000e+01 -1.899813e-02
2.900000e+01 -1.870336e-02
2.902000e+01 -1.678931e-02
2.904000e+01 -1.487526e-02
2.906000e+01 -1.222517e-02
2.908000e+01 -2.061566e-02
2.910000e+01 -3.003660e-02
2.912000e+01 -3.945754e-02
2.914000e+01 -5.138102e-02
2.916000e+01 -5.270554e-02
2.918000e+01 -4.357832e-02
2.920000e+01 -3.327343e-02
2.922000e+01 2.792793e-03
2.924000e+01 1.471696e-02
2.926000e+01 3.002690e-02
2.928000e+01 3.782925e-02
2.930000e+01 2.943876e-02
2.932000e+01 2.369800e-02
2.934000e+01 1.589634e-02
2.936000e+01 2.310986e-02
2.938000e+01 2.929292e-02
2.940000e+01 3.577040e-02
2.942000e+01 2.090276e-02
2.944000e+01 8.243242e-03
2.946000e+01 -9.568548e-03
2.948000e+01 -1.413165e-02
2.950000e+01 -3.679565e-03
2.952000e+01 2.503494e-03
2.954000e+01 1.486928e-02
2.956000e+01 1.398637e-02
2.958000e+01 5.890279e-03
2.960000e+01 1.495146e-04
2.962000e+01 -9.565857e-03
2.964000e+01 -1.442338e-02
2.966000e+01 -1.589512e-02
2.968000e+01 -1.677803e-02
2.970000e+01 -1.913303e-02
2.972000e+01 -2.457938e-02
2.974000e+01 -2.914248e-02
2.976000e+01 -1.515742e-02
2.978000e+01 -1.319574e-03
2.980000e+01 8.249255e-03
2.982000e+01 1.914295e-02
2.984000e+01 2.959502e-02
2.986000e+01 2.944814e-02
2.988000e+01 2.503224e-02
2.990000e+01 2.120517e-02
2.992000e+01 1.620043e-02
2.994000e+01 1.899770e-02
2.996000e+01 2.253101e-02
2.998000e+01 2.032322e-02
3.000000e+01 1.737939e-02
3.002000e+01 1.443556e-02
3.004000e+01 8.989200e-03
3.006000e+01 -3.964753e-03
3.008000e+01 -7.203001e-03
3.010000e+01 -1.220774e-02
3.012000e+01 -2.604494e-02
3.014000e+01 -4.709532e-02
3.016000e+01 -6.166856e-02
3.018000e+01 -7.609459e-02
3.020000e+01 -6.932272e-02
3.022000e+01 -5.784021e-02
3.024000e+01 -4.253029e-02
3.026000e+01 -1.603259e-02
3.028000e+01 7.520950e-03
3.030000e+01 1.959229e-02
3.032000e+01 2.327280e-02
3.034000e+01 2.621727e-02
3.036000e+01 2.886732e-02
3.038000e+01 3.770009e-02
3.040000e+01 4.888819e-02
3.042000e+01 4.844688e-02
3.044000e+01 3.725941e-02
3.046000e+01 2.563031e-02
3.048000e+01 6.788038e-03
3.050000e+01 -1.234865e-02
3.052000e+01 -2.780515e-02
3.054000e+01 -3.354594e-02
3.056000e+01 -4.458621e-02
3.058000e+01 -4.061129e-02
3.060000e+01 -3.325060e-02
3.062000e+01 -2.544829e-02
3.064000e+01 -1.764598e-02
3.066000e+01 -1.838171e-02
3.068000e+01 -1.882303e-02
3.070000e+01 -1.160955e-02
3.072000e+01 -3.660029e-03
3.074000e+01 5.908773e-03
3.076000e+01 9.736474e-03
3.078000e+01 8.264699e-03
3.080000e+01 7.528962e-03
3.082000e+01 9.590170e-03
3.084000e+01 1.871735e-02
3.086000e+01 2.651965e-02
3.088000e+01 3.594124e-02
3.090000e+01 4.536283e-02
3.092000e+01 4.403826e-02
3.094000e+01 3.711980e-02
3.096000e+01 3.196783e-02
3.098000e+01 2.416611e-02
3.100000e+01 2.843543e-02
3.102000e+01 3.461845e-02
3.104000e+01 4.168471e-02
3.106000e+01 4.448195e-02
3.108000e+01 2.902544e-02
3.110000e+01 1.577704e-02
3.112000e+01 -5.567780e-03
3.114000e+01 -2.382124e-02
3.116000e+01 -4.722697e-02
3.118000e+01 -4.914038e-02
3.120000e+01 -3.206400e-02
3.122000e+01 -2.161196e-02
3.124000e+01 -1.297016e-03
3.126000e+01 1.794633e-03
3.128000e+01 -7.626371e-03
3.130000e+01 -1.469205e-02
3.132000e+01 -1.837196e-02
3.134000e+01 -2.087420e-02
3.136000e+01 -1.881301e-02
3.138000e+01 -1.513253e-02
3.140000e+01 -1.027439e-02
3.142000e+01 -2.472104e-03
3.144000e+01 5.035770e-03
3.146000e+01 1.269085e-02
3.148000e+01 2.343729e-02
3.150000e+01 3.536140e-02
3.152000e+01 4.713829e-02
3.154000e+01 5.037714e-02
3.156000e+01 4.699164e-02
3.158000e+01 3.153512e-02
3.160000e+01 1.092632e-02
3.162000e+01 1.505308e-03
3.164000e+01 -2.027398e-03
3.166000e+01 -6.737767e-03
3.168000e+01 -1.085931e-02
3.170000e+01 -1.763058e-02
3.172000e+01 -2.278258e-02
3.174000e+01 -1.689399e-02
3.176000e+01 -8.061260e-03
3.178000e+01 -7.006026e-04
3.180000e+01 -2.587066e-04
3.182000e+01 -2.584342e-04
3.184000e+01 2.244368e-03
3.186000e+01 6.955285e-03
3.188000e+01 1.078295e-02
3.190000e+01 1.284413e-02
3.192000e+01 1.461089e-02
3.194000e+01 1.843856e-02
3.196000e+01 2.182461e-02
3.198000e+01 2.550507e-02
3.200000e+01 2.962715e-02
3.202000e+01 3.787105e-02
3.204000e+01 4.685098e-02
3.206000e+01 4.243502e-02
3.208000e+01 3.419165e-02
3.210000e+01 1.564375e-02
3.212000e+01 3.999979e-05
3.214000e+01 -1.431814e-03
3.216000e+01 -5.111742e-03
3.218000e+01 -7.614011e-03
3.220000e+01 -1.202998e-02
3.222000e+01 -7.466280e-03
3.224000e+01 -8.416742e-04
3.226000e+01 5.635723e-03
3.228000e+01 1.432124e-02
3.230000e+01 2.300675e-02
3.232000e+01 3.036739e-02
3.234000e+01 2.124077e-02
3.236000e+01 1.093649e-02
3.238000e+01 3.281949e-03
3.240000e+01 -3.047725e-03
3.242000e+01 -1.011344e-02
3.244000e+01 -1.452941e-02
3.246000e+01 -1.084897e-02
3.248000e+01 -7.757352e-03
3.250000e+01 -4.076907e-03
3.252000e+01 -2.015746e-03
3.254000e+01 1.926208e-04
3.256000e+01 4.566471e-05
3.258000e+01 -6.901227e-04
3.260000e+01 -1.425911e-03
3.262000e+01 -1.278453e-03
3.264000e+01 -2.477499e-04
3.266000e+01 3.413295e-04
3.268000e+01 2.549693e-03
3.270000e+01 7.996625e-03
3.272000e+01 1.285473e-02
3.274000e+01 1.874328e-02
3.276000e+01 2.286534e-02
3.278000e+01 1.947981e-02
3.280000e+01 1.521103e-02
3.282000e+01 8.439721e-03
3.284000e+01 1.079582e-03
3.286000e+01 -5.691728e-03
3.288000e+01 -1.422953e-02
3.290000e+01 -1.393487e-02
3.292000e+01 -6.574248e-03
3.294000e+01 -8.329081e-04
3.296000e+01 4.761224e-03
3.298000e+01 6.822371e-03
3.300000e+01 1.020839e-02
3.302000e+01 7.853302e-03
3.304000e+01 6.823087e-03
3.306000e+01 2.848717e-03
3.308000e+01 -9.519932e-05
3.310000e+01 -4.069570e-03
3.312000e+01 -3.922127e-03
3.314000e+01 -2.302607e-03
3.316000e+01 -6.830879e-04
3.318000e+01 -5.356460e-04
3.320000e+01 -2.301905e-03
3.322000e+01 -3.037710e-03
3.324000e+01 -5.098385e-03
3.326000e+01 -4.509322e-03
3.328000e+01 -8.288991e-04
3.330000e+01 2.262693e-03
3.332000e+01 6.237530e-03
3.334000e+01 9.770744e-03
3.336000e+01 9.476558e-03
3.338000e+01 7.857501e-03
3.340000e+01 1.086177e-03
3.342000e+01 -6.421187e-03
3.344000e+01 -1.098440e-02
3.346000e+01 -9.217680e-03
3.348000e+01 -9.364662e-03
3.350000e+01 -1.554716e-02
3.352000e+01 -2.349615e-02
3.354000e+01 -2.540962e-02
3.356000e+01 -1.701856e-02
3.358000e+01 -1.009958e-02
3.360000e+01 -5.094297e-03
3.362000e+01 -3.474791e-03
3.364000e+01 -8.879323e-05
3.366000e+01 7.946734e-04
3.368000e+01 5.505539e-03
3.370000e+01 1.227731e-02
3.372000e+01 1.713538e-02
3.374000e+01 1.051126e-02
3.376000e+01 5.800829e-03
3.378000e+01 -1.264922e-03
3.380000e+01 -3.472820e-03
3.382000e+01 -4.797474e-03
3.384000e+01 -5.827711e-03
3.386000e+01 -6.416327e-03
3.388000e+01 -9.360266e-03
3.390000e+01 -1.745648e-02
3.392000e+01 -1.701464e-02
3.394000e+01 -1.568956e-02
3.396000e+01 -1.421727e-02
3.398000e+01 -1.171453e-02
3.400000e+01 -1.097828e-02
3.402000e+01 -1.598313e-02
3.404000e+01 -2.010473e-02
3.406000e+01 -2.422634e-02
3.408000e+01 -2.098756e-02
3.410000e+01 -1.892644e-02
3.412000e+01 -1.612929e-02
3.414000e+01 -1.568746e-02
3.416000e+01 -1.421518e-02
3.418000e+01 -1.421497e-02
3.420000e+01 -9.062497e-03
3.422000e+01 -8.262359e-05
3.424000e+01 8.161211e-03
3.426000e+01 1.640504e-02
3.428000e+01 2.258797e-02
3.430000e+01 2.921252e-02
3.432000e+01 2.523811e-02
3.434000e+01 2.082208e-02
3.436000e+01 1.537560e-02
3.438000e+01 9.634702e-03
3.440000e+01 1.685687e-03
3.442000e+01 -9.649104e-03
3.444000e+01 -1.524280e-02
3.446000e+01 -1.774513e-02
3.448000e+01 -2.010026e-02
3.450000e+01 -2.422187e-02
3.452000e+01 -3.143485e-02
3.454000e+01 -3.938387e-02
3.456000e+01 -4.011971e-02
3.458000e+01 -3.172868e-02
3.460000e+01 -2.598739e-02
3.462000e+01 -1.686032e-02
3.464000e+01 -8.763704e-03
3.466000e+01 2.161564e-04
3.468000e+01 8.165563e-03
3.470000e+01 1.479010e-02
3.472000e+01 2.141463e-02
3.474000e+01 2.774476e-02
3.476000e+01 3.436929e-02
3.478000e+01 3.878571e-02
3.480000e+01 3.775544e-02
3.482000e+01 3.363382e-02
3.484000e+01 2.539038e-02
3.486000e+01 1.891342e-02
3.488000e+01 8.167451e-03
3.490000e+01 -6.700338e-03
3.492000e+01 -2.171534e-02
3.494000e+01 -3.069482e-02
3.496000e+01 -3.717177e-02
3.498000e+01 -3.687718e-02
3.500000e+01 -3.584654e-02
3.502000e+01 -3.304941e-02
3.504000e+01 -2.613047e-02
3.506000e+01 -1.980036e-02
3.508000e+01 -1.185096e-02
3.510000e+01 -1.840659e-03
3.512000e+01 6.697566e-03
3.514000e+01 1.332209e-02
3.516000e+01 1.449993e-02
3.518000e+01 1.494173e-02
3.520000e+01 1.494191e-02
3.522000e+01 1.553091e-02
3.524000e+01 2.024174e-02
3.526000e+01 1.803380e-02
3.528000e+01 1.494261e-02
3.530000e+01 1.082097e-02
3.532000e+01 3.019138e-03
3.534000e+01 -3.899449e-03
3.536000e+01 -1.199570e-02
3.538000e+01 -1.906150e-02
3.540000e+01 -2.774657e-02
3.542000e+01 -2.833523e-02
3.544000e+01 -2.023864e-02
3.546000e+01 -1.449737e-02
3.548000e+01 -6.253574e-03
3.550000e+01 -6.253405e-03
3.552000e+01 -5.664406e-03
3.554000e+01 -6.400277e-03
3.556000e+01 -6.988941e-03
3.558000e+01 -5.516697e-03
3.560000e+01 -2.866793e-03
3.562000e+01 -3.013835e-03
3.564000e+01 -2.130424e-03
3.566000e+01 -2.130260e-03
3.568000e+01 -1.541266e-03
3.570000e+01 -1.541102e-03
3.572000e+01 4.347367e-03
3.574000e+01 1.023584e-02
3.576000e+01 1.715476e-02
3.578000e+01 1.435797e-02
3.580000e+01 8.469827e-03
3.582000e+01 2.728888e-03
3.584000e+01 -4.336921e-03
3.586000e+01 -1.125552e-02
3.588000e+01 -1.331627e-02
3.590000e+01 -1.331611e-02
3.592000e+01 -1.375758e-02
3.594000e+01 -1.331580e-02
3.596000e+01 -1.243240e-02
3.598000e+01 -7.427183e-03
3.600000e+01 -3.010798e-03
3.602000e+01 2.288832e-03
3.604000e+01 5.821970e-03
3.606000e+01 5.233292e-03
3.608000e+01 5.233445e-03
3.610000e+01 4.497559e-03
3.612000e+01 6.116994e-03
3.614000e+01 8.178053e-03
3.616000e+01 1.009190e-02
3.618000e+01 1.274179e-02
3.620000e+01 1.303635e-02
3.622000e+01 1.156443e-02
3.624000e+01 1.053412e-02
3.626000e+01 9.209399e-03
3.628000e+01 1.127045e-02
3.630000e+01 1.303709e-02
3.632000e+01 1.524535e-02
3.634000e+01 1.657037e-02
3.636000e+01 1.347915e-02
3.638000e+01 1.127118e-02
3.640000e+01 8.032755e-03
3.642000e+01 9.357766e-03
3.644000e+01 1.186044e-02
3.646000e+01 1.451032e-02
3.648000e+01 1.760182e-02
3.650000e+01 2.010449e-02
3.652000e+01 1.568840e-02
3.654000e+01 1.156673e-02
3.656000e+01 6.709013e-03
3.658000e+01 1.998506e-03
3.660000e+01 -2.859209e-03
3.662000e+01 -5.950433e-03
3.664000e+01 -9.777696e-03
3.666000e+01 -1.257451e-02
3.668000e+01 -1.743222e-02
3.670000e+01 -2.317319e-02
3.672000e+01 -2.891415e-02
3.674000e+01 -3.406629e-02
3.676000e+01 -3.774634e-02
3.678000e+01 -3.951270e-02
3.680000e+01 -4.069023e-02
3.682000e+01 -4.201497e-02
3.684000e+01 -4.068997e-02
3.686000e+01 -3.951218e-02
3.688000e+01 -3.774556e-02
3.690000e+01 -3.671497e-02
3.692000e+01 -3.200420e-02
3.694000e+01 -2.523252e-02
3.696000e+01 -1.875525e-02
3.698000e+01 -1.581097e-02
3.700000e+01 -1.522202e-02
3.702000e+01 -1.374981e-02
3.704000e+01 -1.316086e-02
3.706000e+01 -1.036378e-02
3.708000e+01 -8.449961e-03
3.710000e+01 -5.652891e-03
3.712000e+01 -3.150237e-03
3.714000e+01 2.885400e-03
3.716000e+01 5.388053e-03
3.718000e+01 6.418628e-03
3.720000e+01 7.301995e-03
3.722000e+01 6.566077e-03
3.724000e+01 6.566197e-03
3.726000e+01 5.830278e-03
3.728000e+01 5.535981e-03
3.730000e+01 4.947269e-03
3.732000e+01 7.155501e-03
3.734000e+01 9.510941e-03
3.736000e+01 1.274963e-02
3.738000e+01 1.642993e-02
3.740000e+01 1.996303e-02
3.742000e+01 2.379055e-02
3.744000e+01 2.688202e-02
3.746000e+01 2.570448e-02
3.748000e+01 2.496855e-02
3.750000e+01 2.364379e-02
3.752000e+01 2.187741e-02
3.754000e+01 1.613643e-02
3.756000e+01 1.024823e-02
3.758000e+01 4.948864e-03
3.760000e+01 1.563197e-03
3.762000e+01 3.035383e-03
3.764000e+01 4.360361e-03
3.766000e+01 6.126961e-03
3.768000e+01 8.187976e-03
3.770000e+01 1.039620e-02
3.772000e+01 1.422370e-02
3.774000e+01 1.746238e-02
3.776000e+01 2.128988e-02
3.778000e+01 2.128999e-02
3.780000e+01 1.864035e-02
3.782000e+01 1.819883e-02
3.784000e+01 1.849335e-02
3.786000e+01 1.878787e-02
3.788000e+01 1.937680e-02
3.790000e+01 1.981853e-02
3.792000e+01 1.584402e-02
3.794000e+01 1.186951e-02
3.796000e+01 7.011760e-03
3.798000e+01 3.184460e-03
3.800000e+01 9.764431e-04
3.802000e+01 -1.378782e-03
3.804000e+01 -3.439592e-03
3.806000e+01 -1.378588e-03
3.808000e+01 2.890531e-03
3.810000e+01 6.570819e-03
3.812000e+01 1.142877e-02
3.814000e+01 1.540347e-02
3.816000e+01 1.981979e-02
3.818000e+01 1.510924e-02
3.820000e+01 9.368234e-03
3.822000e+01 2.891189e-03
3.824000e+01 -3.733065e-03
3.826000e+01 -1.153498e-02
3.828000e+01 -1.285976e-02
3.830000e+01 -7.707400e-03
3.832000e+01 -4.174326e-03
3.834000e+01 1.125239e-03
3.836000e+01 2.008573e-03
3.838000e+01 3.480738e-03
3.840000e+01 4.216863e-03
3.842000e+01 4.952988e-03
3.844000e+01 7.308397e-03
3.846000e+01 1.039984e-02
3.848000e+01 1.334408e-02
3.850000e+01 1.672994e-02
3.852000e+01 1.982139e-02
3.854000e+01 2.085193e-02
3.856000e+01 2.041038e-02
3.858000e+01 2.085209e-02
3.860000e+01 2.011613e-02
3.862000e+01 2.070504e-02
3.864000e+01 1.525844e-02
3.866000e+01 4.659569e-03
3.868000e+01 -4.467227e-03
3.870000e+01 -9.030587e-03
3.872000e+01 -1.226908e-02
3.874000e+01 -1.624361e-02
3.876000e+01 -2.286787e-02
3.878000e+01 -2.875611e-02
3.880000e+01 -2.743116e-02
3.882000e+01 -2.654784e-02
3.884000e+01 -2.478127e-02
3.886000e+01 -2.272029e-02
3.888000e+01 -2.065931e-02
3.890000e+01 -1.874554e-02
3.892000e+01 -1.815663e-02
3.894000e+01 -1.742052e-02
3.896000e+01 -1.683162e-02
3.898000e+01 -1.653713e-02
3.900000e+01 -1.535940e-02
3.902000e+01 -9.176611e-03
3.904000e+01 -2.846611e-03
3.906000e+01 5.392340e-04
3.908000e+01 -3.439440e-04
3.910000e+01 -3.438765e-04
3.912000e+01 -1.815886e-03
3.914000e+01 -2.551858e-03
3.916000e+01 -9.325080e-04
3.918000e+01 1.864503e-03
3.920000e+01 4.219891e-03
3.922000e+01 7.605731e-03
3.924000e+01 8.047418e-03
3.926000e+01 6.428196e-03
3.928000e+01 4.661767e-03
3.930000e+01 1.864883e-03
3.932000e+01 -4.903786e-04
3.934000e+01 -3.287264e-03
3.936000e+01 -2.698373e-03
3.938000e+01 -7.846133e-04
3.940000e+01 8.347302e-04
3.942000e+01 3.042904e-03
3.944000e+01 5.103869e-03
3.946000e+01 7.312042e-03
3.948000e+01 8.636967e-03
3.950000e+01 9.814685e-03
3.952000e+01 1.113961e-02
3.954000e+01 1.217012e-02
3.956000e+01 1.364225e-02
3.958000e+01 1.894178e-02
3.960000e+01 2.512456e-02
3.962000e+01 2.144442e-02
3.964000e+01 1.570337e-02
3.966000e+01 1.055115e-02
3.968000e+01 5.398936e-03
3.970000e+01 5.411334e-04
3.972000e+01 -4.463877e-03
3.974000e+01 -9.174474e-03
3.976000e+01 -1.373786e-02
3.978000e+01 -1.314898e-02
3.980000e+01 -1.197127e-02
3.982000e+01 -1.049915e-02
3.984000e+01 -7.260534e-03
3.986000e+01 -4.169127e-03
3.988000e+01 -3.416822e-04
3.990000e+01 5.105047e-03
3.992000e+01 7.902037e-03
3.994000e+01 6.724419e-03
3.996000e+01 6.135632e-03
3.998000e+01 4.663598e-03
4.000000e+01 3.191563e-03
4.002000e+01 1.719528e-03
4.004000e+01 3.947004e-04
4.006000e+01 -1.224544e-03
4.008000e+01 -1.813334e-03
4.010000e+01 5.420279e-04
4.012000e+01 2.602974e-03
4.014000e+01 4.663920e-03
4.016000e+01 3.633504e-03
4.018000e+01 2.603087e-03
4.020000e+01 2.603124e-03
4.022000e+01 4.075236e-03
4.024000e+01 4.958518e-03
4.026000e+01 6.872253e-03
4.028000e+01 7.019494e-03
4.030000e+01 3.339336e-03
4.032000e+01 -1.936145e-04
4.034000e+01 -4.168189e-03
4.036000e+01 -8.584387e-03
4.038000e+01 -1.255896e-02
4.040000e+01 -1.682796e-02
4.042000e+01 -1.550305e-02
4.044000e+01 -1.358932e-02
4.046000e+01 -1.123397e-02
4.048000e+01 -9.761868e-03
4.050000e+01 -9.025802e-03
4.052000e+01 -8.142528e-03
4.054000e+01 -7.112047e-03
4.056000e+01 -5.787152e-03
4.058000e+01 -4.609464e-03
4.060000e+01 -3.284570e-03
4.062000e+01 -1.812469e-03
4.064000e+01 -4.875754e-04
4.066000e+01 8.373172e-04
4.068000e+01 2.162209e-03
4.070000e+01 3.339893e-03
4.072000e+01 3.957617e-04
4.074000e+01 -2.401163e-03
4.076000e+01 -5.639711e-03
4.078000e+01 -9.172675e-03
4.080000e+01 -1.255843e-02
4.082000e+01 -1.594419e-02
4.084000e+01 -1.874112e-02
4.086000e+01 -2.197967e-02
4.088000e+01 -2.404056e-02
4.090000e+01 -2.536541e-02
4.092000e+01 -2.683747e-02
4.094000e+01 -2.830953e-02
4.096000e+01 -2.948718e-02
4.098000e+01 -3.110644e-02
4.100000e+01 -2.889832e-02
4.102000e+01 -2.521811e-02
4.104000e+01 -1.962421e-02
4.106000e+01 -9.319658e-03
4.108000e+01 -1.812055e-03
4.110000e+01 3.193017e-03
4.112000e+01 8.345296e-03
4.114000e+01 1.231991e-02
4.116000e+01 1.335038e-02
4.118000e+01 1.526408e-02
4.120000e+01 1.393923e-02
4.122000e+01 1.202553e-02
4.124000e+01 9.228594e-03
4.126000e+01 5.106786e-03
4.128000e+01 6.905624e-04
4.130000e+01 -3.284039e-03
4.132000e+01 -8.141887e-03
4.134000e+01 -6.375391e-03
4.136000e+01 -1.664741e-03
4.138000e+01 2.162661e-03
4.140000e+01 5.106818e-03
4.142000e+01 7.314935e-03
4.144000e+01 8.198183e-03
4.146000e+01 8.787015e-03
4.148000e+01 9.375846e-03
4.150000e+01 9.817469e-03
4.152000e+01 1.040630e-02
4.154000e+01 1.084792e-02
4.156000e+01 1.128954e-02
4.158000e+01 1.158395e-02
4.160000e+01 1.099512e-02
4.162000e+01 1.040629e-02
4.164000e+01 9.670245e-03
4.166000e+01 8.786995e-03
4.168000e+01 8.198159e-03
4.170000e+01 7.314907e-03
4.172000e+01 9.228601e-03
4.174000e+01 1.187833e-02
4.176000e+01 1.438086e-02
4.178000e+01 1.703058e-02
4.180000e+01 1.879707e-02
4.182000e+01 2.071076e-02
4.184000e+01 1.953309e-02
4.186000e+01 1.835542e-02
4.188000e+01 1.703054e-02
4.190000e+01 1.541124e-02
4.192000e+01 1.305591e-02
4.194000e+01 1.084778e-02
4.196000e+01 8.492444e-03
4.198000e+01 6.137108e-03
4.200000e+01 3.781771e-03
4.202000e+01 1.279226e-03
4.204000e+01 8.375873e-04
4.206000e+01 1.426402e-03
4.208000e+01 1.573593e-03
4.210000e+01 3.634484e-03
4.212000e+01 6.431412e-03
4.214000e+01 7.903471e-03
4.216000e+01 9.228321e-03
4.218000e+01 1.084759e-02
4.220000e+01 1.187802e-02
4.222000e+01 1.335008e-02
4.224000e+01 1.423330e-02
4.226000e+01 1.423328e-02
4.228000e+01 1.393884e-02
4.230000e+01 1.334999e-02
4.232000e+01 3.928676e-03
4.234000e+01 2.484607e-04
4.236000e+01 -4.876019e-04
4.238000e+01 -2.695742e-03
4.240000e+01 -3.284598e-03
4.242000e+01 -4.609493e-03
4.244000e+01 -6.817635e-03
4.246000e+01 -9.172984e-03
4.248000e+01 -1.152833e-02
4.250000e+01 -1.403089e-02
4.252000e+01 -1.653345e-02
4.254000e+01 -1.859439e-02
4.256000e+01 -1.535585e-02
4.258000e+01 -1.285335e-02
4.260000e+01 -9.467605e-03
4.262000e+01 -6.081860e-03
4.264000e+01 -2.548908e-03
4.266000e+01 -1.371279e-03
4.268000e+01 -1.076897e-03
4.270000e+01 -4.881000e-04
4.272000e+01 -3.409267e-04
4.274000e+01 9.839075e-04
4.276000e+01 2.308741e-03
4.278000e+01 3.780782e-03
4.280000e+01 5.400030e-03
4.282000e+01 6.577654e-03
4.284000e+01 6.724824e-03
4.286000e+01 5.988747e-03
4.288000e+01 2.161309e-03
4.290000e+01 -9.300920e-04
4.292000e+01 -5.051947e-03
4.294000e+01 -6.671271e-03
4.296000e+01 -7.848974e-03
4.298000e+01 -8.879469e-03
4.300000e+01 -9.762758e-03
4.302000e+01 -1.049884e-02
4.304000e+01 -1.152934e-02
4.306000e+01 -1.079334e-02
4.308000e+01 -9.174102e-03
4.310000e+01 -3.874671e-03
4.312000e+01 9.831369e-04
4.314000e+01 7.018605e-03
4.316000e+01 9.815504e-03
4.318000e+01 9.079419e-03
4.320000e+01 9.079371e-03
4.322000e+01 8.196077e-03
4.324000e+01 7.459989e-03
4.326000e+01 6.723901e-03
4.328000e+01 5.987813e-03
4.330000e+01 4.515685e-03
4.332000e+01 2.466114e-04
4.334000e+01 -3.580840e-03
4.336000e+01 -7.408291e-03
4.338000e+01 -5.936268e-03
4.340000e+01 -5.200283e-03
4.342000e+01 -3.433845e-03
4.344000e+01 -1.961823e-03
4.346000e+01 -4.817846e-05
4.348000e+01 5.405965e-04
4.350000e+01 2.461248e-04
4.352000e+01 9.886027e-05
4.354000e+01 -3.428202e-04
4.356000e+01 -7.845012e-04
4.358000e+01 -6.373521e-04
4.360000e+01 9.862713e-05
4.362000e+01 6.873982e-04
4.364000e+01 1.276169e-03
4.366000e+01 9.844636e-05
4.368000e+01 -7.848610e-04
4.370000e+01 -1.962584e-03
4.372000e+01 -3.287516e-03
4.374000e+01 -4.023618e-03
4.376000e+01 -3.876473e-03
4.378000e+01 -3.876538e-03
4.380000e+01 -3.434979e-03
4.382000e+01 -3.287837e-03
4.384000e+01 -2.846280e-03
4.386000e+01 -3.729592e-03
4.388000e+01 -6.232190e-03
4.390000e+01 -8.293165e-03
4.392000e+01 -1.094297e-02
4.394000e+01 -1.212070e-02
4.396000e+01 -1.182635e-02
4.398000e+01 -1.197363e-02
4.400000e+01 -1.079604e-02
4.402000e+01 -7.115921e-03
4.404000e+01 -3.877423e-03
4.406000e+01 -5.009590e-05
4.408000e+01 2.893985e-03
4.410000e+01 2.893912e-03
4.412000e+01 3.335461e-03
4.414000e+01 3.335386e-03
4.416000e+01 3.335312e-03
4.418000e+01 4.807313e-03
4.420000e+01 6.573729e-03
4.422000e+01 7.456899e-03
4.424000e+01 7.456822e-03
4.426000e+01 7.456744e-03
4.428000e+01 7.309458e-03
4.430000e+01 7.162171e-03
4.432000e+01 7.898130e-03
4.434000e+01 1.010617e-02
4.436000e+01 1.187258e-02
4.438000e+01 1.422782e-02
4.440000e+01 1.452215e-02
4.442000e+01 1.437486e-02
4.444000e+01 1.437478e-02
4.446000e+01 1.393307e-02
4.448000e+01 1.363857e-02
4.450000e+01 1.334407e-02
4.452000e+01 1.304957e-02
4.454000e+01 1.260786e-02
4.456000e+01 1.231336e-02
4.458000e+01 1.201886e-02
4.460000e+01 1.157715e-02
4.462000e+01 9.368948e-03
4.464000e+01 7.160745e-03
4.466000e+01 5.394164e-03
4.468000e+01 5.541282e-03
4.470000e+01 5.246777e-03
4.472000e+01 5.393894e-03
4.474000e+01 5.541010e-03
4.476000e+01 4.952088e-03
4.478000e+01 3.038296e-03
4.480000e+01 2.449372e-03
4.482000e+01 2.302071e-03
4.484000e+01 2.007562e-03
4.486000e+01 2.007467e-03
4.488000e+01 1.860164e-03
4.490000e+01 2.407840e-04
4.492000e+01 -1.231389e-03
4.494000e+01 -2.703563e-03
4.496000e+01 -3.439698e-03
4.498000e+01 -4.028627e-03
4.500000e+01 -4.617556e-03
4.502000e+01 -5.206486e-03
4.504000e+01 -6.825870e-03
4.506000e+01 -9.034086e-03
4.508000e+01 -1.109509e-02
4.510000e+01 -1.330331e-02
4.512000e+01 -1.551153e-02
4.514000e+01 -1.771974e-02
4.516000e+01 -2.007517e-02
4.518000e+01 -2.081131e-02
4.520000e+01 -1.742564e-02
4.522000e+01 -1.492321e-02
4.524000e+01 -1.124313e-02
4.526000e+01 -9.623949e-03
4.528000e+01 -9.035225e-03
4.530000e+01 -8.299294e-03
4.532000e+01 -8.004986e-03
4.534000e+01 -7.563471e-03
4.536000e+01 -7.121957e-03
4.538000e+01 -6.827651e-03
4.540000e+01 -6.386137e-03
4.542000e+01 -5.944624e-03
4.544000e+01 -5.503113e-03
4.546000e+01 -4.325562e-03
4.548000e+01 -3.589636e-03
4.550000e+01 -1.381634e-03
4.552000e+01 1.709614e-03
4.554000e+01 4.800862e-03
4.556000e+01 7.008862e-03
4.558000e+01 7.303163e-03
4.560000e+01 8.186294e-03
4.562000e+01 8.333385e-03
4.564000e+01 9.510930e-03
4.566000e+01 1.260217e-02
4.568000e+01 1.510459e-02
4.570000e+01 1.260194e-02
4.572000e+01 1.068812e-02
4.574000e+01 8.038262e-03
4.576000e+01 5.093989e-03
4.578000e+01 4.357830e-03
4.580000e+01 4.504917e-03
4.582000e+01 4.357587e-03
4.584000e+01 4.210258e-03
4.586000e+01 2.002020e-03
4.588000e+01 8.819656e-05
4.590000e+01 -1.236796e-03
4.592000e+01 -1.384129e-03
4.594000e+01 -2.120292e-03
4.596000e+01 -1.973210e-03
4.598000e+01 -4.328658e-03
4.600000e+01 -9.775470e-03
4.602000e+01 -1.433903e-02
4.604000e+01 -1.478078e-02
4.606000e+01 -1.522254e-02
4.608000e+01 -1.536987e-02
4.610000e+01 -1.433955e-02
4.612000e+01 -1.286760e-02
4.614000e+01 -1.139566e-02
4.616000e+01 -1.065975e-02
4.618000e+01 -1.036547e-02
4.620000e+01 -9.776767e-03
4.622000e+01 -9.629692e-03
4.624000e+01 -9.040995e-03
4.626000e+01 -5.655352e-03
4.628000e+01 -1.680880e-03
4.630000e+01 2.146385e-03
4.632000e+01 6.562479e-03
4.634000e+01 1.068416e-02
4.636000e+01 1.480583e-02
4.638000e+01 1.289200e-02
4.640000e+01 9.506085e-03
4.642000e+01 6.267377e-03
4.644000e+01 2.145423e-03
4.646000e+01 -1.829324e-03
4.648000e+01 -4.920825e-03
4.650000e+01 -5.215381e-03
4.652000e+01 -6.245976e-03
4.654000e+01 -6.540533e-03
4.656000e+01 -6.982299e-03
4.658000e+01 -7.276857e-03
4.660000e+01 -7.718624e-03
4.662000e+01 -8.013183e-03
4.664000e+01 -8.307744e-03
4.666000e+01 -6.541396e-03
4.668000e+01 -4.039012e-03
4.670000e+01 -1.683835e-03
4.672000e+01 1.260171e-03
4.674000e+01 2.732100e-03
4.676000e+01 3.026368e-03
4.678000e+01 3.909465e-03
4.680000e+01 3.909316e-03
4.682000e+01 5.381243e-03
4.684000e+01 7.589208e-03
4.686000e+01 9.649964e-03
4.688000e+01 1.200514e-02
4.690000e+01 1.406589e-02
4.692000e+01 1.450736e-02
4.694000e+01 1.524325e-02
4.696000e+01 1.568472e-02
4.698000e+01 1.612619e-02
4.700000e+01 1.642045e-02
4.702000e+01 1.553704e-02
4.704000e+01 1.480085e-02
4.706000e+01 1.391745e-02
4.708000e+01 1.288684e-02
4.710000e+01 1.185622e-02
4.712000e+01 1.082561e-02
4.714000e+01 9.500585e-03
4.716000e+01 8.322764e-03
4.718000e+01 6.997735e-03
4.720000e+01 5.819913e-03
4.722000e+01 4.789299e-03
4.724000e+01 4.200307e-03
4.726000e+01 3.316898e-03
4.728000e+01 2.727905e-03
4.730000e+01 1.991703e-03
4.732000e+01 1.255501e-03
4.734000e+01 6.665060e-04
4.736000e+01 1.402379e-03
4.738000e+01 2.138252e-03
4.740000e+01 3.021332e-03
4.742000e+01 3.462789e-03
4.744000e+01 1.548922e-03
4.746000e+01 -2.177382e-04
4.748000e+01 -2.278814e-03
4.750000e+01 -4.339890e-03
4.752000e+01 -6.695382e-03
4.754000e+01 -7.578799e-03
4.756000e+01 -6.842931e-03
4.758000e+01 -6.107064e-03
4.760000e+01 -5.371197e-03
4.762000e+01 -3.457669e-03
4.764000e+01 -1.102519e-03
4.766000e+01 1.252630e-03
4.768000e+01 2.724533e-03
4.770000e+01 3.460397e-03
4.772000e+01 5.373921e-03
4.774000e+01 9.201145e-03
4.776000e+01 1.243954e-02
4.778000e+01 1.670838e-02
4.780000e+01 1.597217e-02
4.782000e+01 1.302784e-02
4.784000e+01 1.067234e-02
4.786000e+01 7.139172e-03
4.788000e+01 4.194839e-03
4.790000e+01 8.088822e-04
4.792000e+01 -2.135452e-03
4.794000e+01 -3.313295e-03
4.796000e+01 -4.638345e-03
4.798000e+01 -6.552227e-03
4.800000e+01 -9.938187e-03
4.802000e+01 -1.214649e-02
4.804000e+01 -1.273550e-02
4.806000e+01 -1.347172e-02
4.808000e+01 -1.376632e-02
4.810000e+01 -1.406093e-02
4.812000e+01 -1.435553e-02
4.814000e+01 -1.465013e-02
4.816000e+01 -1.479752e-02
4.818000e+01 -1.420888e-02
4.820000e+01 -1.376745e-02
4.822000e+01 -1.303160e-02
4.824000e+01 -1.259016e-02
4.826000e+01 -1.288477e-02
4.828000e+01 -1.317938e-02
4.830000e+01 -1.347398e-02
4.832000e+01 -1.391580e-02
4.834000e+01 -1.406320e-02
4.836000e+01 -1.273852e-02
4.838000e+01 -1.170826e-02
4.840000e+01 -1.023638e-02
4.842000e+01 -9.794952e-03
4.844000e+01 -9.795147e-03
4.846000e+01 -9.648135e-03
4.848000e+01 -9.648332e-03
4.850000e+01 -9.501321e-03
4.852000e+01 -9.501519e-03
4.854000e+01 -9.207302e-03
4.856000e+01 -8.029839e-03
4.858000e+01 -7.146792e-03
4.860000e+01 -6.116539e-03
4.862000e+01 -4.791870e-03
4.864000e+01 -3.172786e-03
4.866000e+01 -1.700911e-03
4.868000e+01 -8.182879e-05
4.870000e+01 1.684461e-03
4.872000e+01 2.714711e-03
4.874000e+01 1.536846e-03
4.876000e+01 6.533956e-04
4.878000e+01 -5.244708e-04
4.880000e+01 -1.849545e-03
4.882000e+01 -8.192976e-04
4.884000e+01 1.094196e-03
4.886000e+01 2.566065e-03
4.888000e+01 2.124234e-03
4.890000e+01 1.976818e-03
4.892000e+01 1.387779e-03
4.894000e+01 9.459463e-04
4.896000e+01 2.096980e-04
4.898000e+01 5.039028e-04
4.900000e+01 1.534145e-03
4.902000e+01 2.269972e-03
4.904000e+01 3.300213e-03
4.906000e+01 3.447209e-03
4.908000e+01 1.680503e-03
4.910000e+01 2.082123e-04
4.912000e+01 -1.558494e-03
4.914000e+01 -3.325201e-03
4.916000e+01 -3.325417e-03
4.918000e+01 -2.589595e-03
4.920000e+01 -2.148189e-03
4.922000e+01 -2.442821e-03
4.924000e+01 -3.031870e-03
4.926000e+01 -3.768127e-03
4.928000e+01 -4.209969e-03
4.930000e+01 -3.621357e-03
4.932000e+01 -3.032747e-03
4.934000e+01 -3.032968e-03
4.936000e+01 -4.505265e-03
4.938000e+01 -5.830356e-03
4.940000e+01 -7.302655e-03
4.942000e+01 -6.566840e-03
4.944000e+01 -6.125441e-03
4.946000e+01 -5.389626e-03
4.948000e+01 -4.506605e-03
4.950000e+01 -3.623584e-03
4.952000e+01 -2.740564e-03
4.954000e+01 -2.593582e-03
4.956000e+01 -2.446601e-03
4.958000e+01 -2.005206e-03
4.960000e+01 2.116381e-03
4.962000e+01 6.237967e-03
4.964000e+01 1.006514e-02
4.966000e+01 1.050653e-02
4.968000e+01 1.138955e-02
4.970000e+01 1.168373e-02
4.972000e+01 1.197792e-02
4.974000e+01 1.212489e-02
4.976000e+01 1.256628e-02
4.978000e+01 1.168280e-02
4.980000e+01 9.180038e-03
4.982000e+01 7.266105e-03
4.984000e+01 4.763339e-03
4.986000e+01 4.468689e-03
4.988000e+01 4.615660e-03
4.990000e+01 4.909839e-03
4.992000e+01 5.351225e-03
4.994000e+01 5.645403e-03
4.996000e+01 3.731465e-03
4.998000e+01 1.228696e-03
5.000000e+01 -9.796583e-04
5.002000e+01 -3.924052e-03
5.004000e+01 -4.954746e-03
5.006000e+01 -3.041287e-03
5.008000e+01 -1.716659e-03
5.010000e+01 3.440061e-04
5.012000e+01 6.381788e-04
5.014000e+01 3.435203e-04
5.016000e+01 4.886114e-05
5.018000e+01 -5.402139e-04
5.020000e+01 -9.820818e-04
5.022000e+01 -1.423950e-03
5.024000e+01 -2.013027e-03
5.026000e+01 -1.571651e-03
5.028000e+01 -9.830669e-04
5.030000e+01 -3.944839e-04
5.032000e+01 3.413062e-04
5.034000e+01 9.298880e-04
5.036000e+01 1.371262e-03
5.038000e+01 1.371012e-03
5.040000e+01 1.517969e-03
5.042000e+01 1.664926e-03
5.044000e+01 3.431166e-03
5.046000e+01 5.050198e-03
5.048000e+01 6.963645e-03
5.050000e+01 8.877092e-03
5.052000e+01 1.079054e-02
5.054000e+01 1.182074e-02
5.056000e+01 9.317951e-03
5.058000e+01 7.551204e-03
5.060000e+01 4.901209e-03
5.062000e+01 2.545630e-03
5.064000e+01 -3.987809e-04
5.066000e+01 1.897919e-04
5.068000e+01 4.605764e-03
5.070000e+01 7.844073e-03
5.072000e+01 1.299608e-02
5.074000e+01 1.225978e-02
5.076000e+01 4.751932e-03
5.078000e+01 -1.061822e-04
5.080000e+01 -8.938904e-03
5.082000e+01 -3.934106e-03
5.084000e+01 8.725491e-03
5.086000e+01 1.932418e-02
5.088000e+01 3.271982e-02
5.090000e+01 2.742007e-02
5.092000e+01 1.402391e-02
5.094000e+01 1.358202e-02
5.096000e+01 1.152085e-02
5.098000e+01 1.343428e-02
5.100000e+01 2.540646e-03
5.102000e+01 -1.218039e-02
5.104000e+01 -2.925675e-02
5.106000e+01 -2.160222e-02
5.108000e+01 -8.462062e-04
5.110000e+01 1.593520e-02
5.112000e+01 1.475727e-02
5.114000e+01 7.249404e-03
5.116000e+01 6.247863e-04
5.118000e+01 -9.974439e-03
5.120000e+01 -1.556860e-02
5.122000e+01 -2.025771e-03
5.124000e+01 1.033940e-02
5.126000e+01 2.049645e-02
5.128000e+01 1.004443e-02
5.130000e+01 3.125398e-03
5.132000e+01 5.333236e-03
5.134000e+01 1.342938e-02
5.136000e+01 1.284027e-02
5.138000e+01 7.834934e-03
5.140000e+01 3.712841e-03
5.142000e+01 2.534900e-03
5.144000e+01 2.092997e-03
5.146000e+01 -1.440267e-03
5.148000e+01 -4.826325e-03
5.150000e+01 -9.684459e-03
5.152000e+01 -7.771042e-03
5.154000e+01 -2.766263e-03
5.156000e+01 2.238514e-03
5.158000e+01 7.243292e-03
5.160000e+01 1.445618e-02
5.162000e+01 8.714799e-03
5.164000e+01 -6.889500e-03
5.166000e+01 -1.734153e-02
5.168000e+01 -1.380883e-02
5.170000e+01 -8.656851e-03
5.172000e+01 -3.357663e-03
5.174000e+01 4.885679e-03
5.176000e+01 5.768636e-03
5.178000e+01 2.235362e-03
5.180000e+01 2.695745e-05
5.182000e+01 -8.565790e-04
5.184000e+01 1.056830e-03
5.186000e+01 1.645369e-03
5.188000e+01 3.705984e-03
5.190000e+01 2.086407e-03
5.192000e+01 7.612445e-04
5.194000e+01 -1.005541e-03
5.196000e+01 -3.802782e-03
5.198000e+01 -7.924891e-03
5.200000e+01 -1.219421e-02
5.202000e+01 -1.351938e-02
5.204000e+01 -8.809026e-03
5.206000e+01 -5.129131e-03
5.208000e+01 -1.243681e-04
5.210000e+01 5.027602e-03
5.212000e+01 5.616134e-03
5.214000e+01 -1.891757e-03
5.216000e+01 -6.455495e-03
5.218000e+01 -1.499384e-02
5.220000e+01 -1.116674e-02
5.222000e+01 -3.217830e-03
5.224000e+01 4.731082e-03
5.226000e+01 6.202856e-03
5.228000e+01 3.994438e-03
5.230000e+01 2.080434e-03
5.232000e+01 2.374545e-03
5.234000e+01 9.145793e-03
5.236000e+01 1.091198e-02
5.238000e+01 1.105888e-02
5.240000e+01 1.135299e-02
5.242000e+01 1.091106e-02
5.244000e+01 1.061634e-02
5.246000e+01 8.555119e-03
5.248000e+01 5.757865e-03
5.250000e+01 3.255024e-03
5.252000e+01 -1.310621e-04
5.254000e+01 -4.694811e-03
5.256000e+01 -9.258560e-03
5.258000e+01 -9.847703e-03
5.260000e+01 -7.345484e-03
5.262000e+01 -7.787421e-03
5.264000e+01 -7.787734e-03
5.266000e+01 -8.229671e-03
5.268000e+01 -4.697002e-03
5.270000e+01 1.605364e-04
5.272000e+01 5.018074e-03
5.274000e+01 1.046444e-02
5.276000e+01 1.429152e-02
5.278000e+01 1.267192e-02
5.280000e+01 1.193557e-02
5.282000e+01 1.016876e-02
5.284000e+01 1.119889e-02
5.286000e+01 1.149298e-02
5.288000e+01 1.267033e-02
5.290000e+01 9.137021e-03
5.292000e+01 5.603715e-03
5.294000e+01 1.187163e-03
5.296000e+01 9.179259e-06
5.298000e+01 7.448945e-04
5.300000e+01 8.917785e-04
5.302000e+01 -1.316661e-03
5.304000e+01 -4.113932e-03
5.306000e+01 -6.616787e-03
5.308000e+01 -1.000289e-02
5.310000e+01 -9.414386e-03
5.312000e+01 -6.323352e-03
5.314000e+01 -3.968356e-03
5.316000e+01 -8.773233e-04
5.318000e+01 -3.232975e-03
5.320000e+01 -4.705381e-03
5.322000e+01 -7.355449e-03
5.324000e+01 -8.680648e-03
5.326000e+01 -8.092149e-03
5.328000e+01 -7.798065e-03
5.330000e+01 -7.209566e-03
5.332000e+01 -9.565222e-03
5.334000e+01 -1.324575e-02
5.336000e+01 -1.663186e-02
5.338000e+01 -2.045959e-02
5.340000e+01 -2.016551e-02
5.342000e+01 -2.046026e-02
5.344000e+01 -1.766365e-02
5.346000e+01 -1.398380e-02
5.348000e+01 -1.074557e-02
5.350000e+01 -6.624088e-03
5.352000e+01 -4.857934e-03
5.354000e+01 -6.035934e-03
5.356000e+01 -6.477897e-03
5.358000e+01 -7.950314e-03
5.360000e+01 -9.128316e-03
5.362000e+01 -1.045353e-02
5.364000e+01 -1.163153e-02
5.366000e+01 -1.060142e-02
5.368000e+01 -7.510399e-03
5.370000e+01 -5.302628e-03
5.372000e+01 -3.683687e-03
5.374000e+01 -1.917539e-03
