# El Centro 1940 NS - FFT Matched to Hospital UHS
# Target band: 0.2-1.5s
# Spectral match: 96.34%
# AI: 3.5695 m/s, CAV: 21.6147 m/s
# Generated: 2026-02-14 10:56:20
# time(s) acceleration(m/s^2)
0.000000e+00 -4.374954e-04
2.000000e-02 -5.539476e-04
4.000000e-02 -6.612830e-04
6.000000e-02 -6.705383e-04
8.000000e-02 -6.300914e-04
1.000000e-01 -4.889378e-04
1.200000e-01 -3.287371e-04
1.400000e-01 -1.159311e-04
1.600000e-01 6.771858e-05
1.800000e-01 2.712309e-04
2.000000e-01 4.329432e-04
2.200000e-01 6.183746e-04
2.400000e-01 7.689225e-04
2.600000e-01 9.404626e-04
2.800000e-01 1.054665e-03
3.000000e-01 1.150141e-03
3.200000e-01 1.141747e-03
3.400000e-01 1.081526e-03
3.600000e-01 9.147300e-04
3.800000e-01 7.355981e-04
4.000000e-01 5.261302e-04
4.200000e-01 4.003678e-04
4.400000e-01 3.294349e-04
4.600000e-01 3.883945e-04
4.800000e-01 4.868942e-04
5.000000e-01 6.377135e-04
5.200000e-01 7.038520e-04
5.400000e-01 6.879433e-04
5.600000e-01 4.815302e-04
5.800000e-01 1.528870e-04
6.000000e-01 -3.261950e-04
6.200000e-01 -8.115280e-04
6.400000e-01 -1.287339e-03
6.600000e-01 -1.605707e-03
6.800000e-01 -1.793057e-03
7.000000e-01 -1.770460e-03
7.200000e-01 -1.643384e-03
7.400000e-01 -1.391661e-03
7.600000e-01 -1.147906e-03
7.800000e-01 -8.758382e-04
8.000000e-01 -6.643931e-04
8.200000e-01 -4.186905e-04
8.400000e-01 -1.844243e-04
8.600000e-01 1.506010e-04
8.800000e-01 5.181527e-04
9.000000e-01 9.840339e-04
9.200000e-01 1.421097e-03
9.400000e-01 1.856113e-03
9.600000e-01 2.153236e-03
9.800000e-01 2.376790e-03
1.000000e+00 2.456393e-03
1.020000e+00 2.536872e-03
1.040000e+00 2.604607e-03
1.060000e+00 2.822840e-03
1.080000e+00 3.135570e-03
1.100000e+00 3.620413e-03
1.120000e+00 4.105021e-03
1.140000e+00 4.565967e-03
1.160000e+00 4.766829e-03
1.180000e+00 4.691894e-03
1.200000e+00 4.174537e-03
1.220000e+00 3.327084e-03
1.240000e+00 2.123092e-03
1.260000e+00 8.041295e-04
1.280000e+00 -5.833200e-04
1.300000e+00 -1.781050e-03
1.320000e+00 -2.793914e-03
1.340000e+00 -3.447068e-03
1.360000e+00 -3.849783e-03
1.380000e+00 -3.910551e-03
1.400000e+00 -3.804024e-03
1.420000e+00 -3.467344e-03
1.440000e+00 -3.095789e-03
1.460000e+00 -2.633423e-03
1.480000e+00 -2.296243e-03
1.500000e+00 -2.039346e-03
1.520000e+00 -2.085698e-03
1.540000e+00 -2.352439e-03
1.560000e+00 -2.986716e-03
1.580000e+00 -3.772397e-03
1.600000e+00 -4.711773e-03
1.620000e+00 -5.453290e-03
1.640000e+00 -5.944397e-03
1.660000e+00 -5.871366e-03
1.680000e+00 -5.345592e-03
1.700000e+00 -4.293614e-03
1.720000e+00 -3.091681e-03
1.740000e+00 -1.855018e-03
1.760000e+00 -1.017636e-03
1.780000e+00 -5.599935e-04
1.800000e+00 -6.332031e-04
1.820000e+00 -8.365484e-04
1.840000e+00 -9.856224e-04
1.860000e+00 -5.146377e-04
1.880000e+00 7.104937e-04
1.900000e+00 2.968449e-03
1.920000e+00 5.948928e-03
1.940000e+00 9.435479e-03
1.960000e+00 1.283657e-02
1.980000e+00 1.587499e-02
2.000000e+00 1.832667e-02
2.020000e+00 2.036478e-02
2.040000e+00 2.254404e-02
2.060000e+00 2.524086e-02
2.080000e+00 2.907110e-02
2.100000e+00 3.384869e-02
2.120000e+00 4.002363e-02
2.140000e+00 4.167580e-02
2.160000e+00 4.163186e-02
2.180000e+00 7.655152e-03
2.200000e+00 -1.512386e-02
2.220000e+00 -1.784359e-02
2.240000e+00 -3.547043e-02
2.260000e+00 -3.284231e-02
2.280000e+00 -3.395701e-02
2.300000e+00 -2.285083e-02
2.320000e+00 -1.469509e-02
2.340000e+00 2.954595e-03
2.360000e+00 2.256814e-02
2.380000e+00 4.161417e-02
2.400000e+00 8.097688e-02
2.420000e+00 4.614377e-03
2.440000e+00 -2.472490e-01
2.460000e+00 -1.759209e-01
2.480000e+00 -2.011562e-01
2.500000e+00 -1.317929e-01
2.520000e+00 -7.910511e-02
2.540000e+00 2.609306e-02
2.560000e+00 -7.404687e-02
2.580000e+00 -2.423295e-01
2.600000e+00 -2.027579e-01
2.620000e+00 -2.156292e-01
2.640000e+00 -1.893350e-01
2.660000e+00 -1.527400e-01
2.680000e+00 -1.144787e-01
2.700000e+00 -7.189706e-02
2.720000e+00 -3.421447e-02
2.740000e+00 1.735448e-03
2.760000e+00 2.721959e-02
2.780000e+00 4.649392e-02
2.800000e+00 -1.395595e-02
2.820000e+00 -8.205460e-02
2.840000e+00 -1.539013e-01
2.860000e+00 -1.724700e-01
2.880000e+00 -1.272527e-01
2.900000e+00 -8.822352e-02
2.920000e+00 -2.022303e-02
2.940000e+00 4.299774e-02
2.960000e+00 1.109131e-01
2.980000e+00 1.603129e-01
3.000000e+00 2.005018e-01
3.020000e+00 7.929932e-02
3.040000e+00 2.369946e-02
3.060000e+00 5.477480e-02
3.080000e+00 4.584163e-02
3.100000e+00 8.219997e-02
3.120000e+00 1.058982e-01
3.140000e+00 1.461210e-01
3.160000e+00 1.754529e-01
3.180000e+00 1.999285e-01
3.200000e+00 1.937046e-02
3.220000e+00 8.224354e-03
3.240000e+00 5.948621e-02
3.260000e+00 5.057209e-02
3.280000e+00 1.397824e-01
3.300000e+00 1.478162e-01
3.320000e+00 2.587863e-01
3.340000e+00 -1.656619e-01
3.360000e+00 -2.087649e-01
3.380000e+00 -1.075609e-01
3.400000e+00 -8.004694e-02
3.420000e+00 1.382649e-02
3.440000e+00 1.037553e-01
3.460000e+00 -1.506896e-01
3.480000e+00 -2.077055e-01
3.500000e+00 -1.378410e-01
3.520000e+00 -1.421440e-01
3.540000e+00 -7.597097e-02
3.560000e+00 -4.394060e-02
3.580000e+00 1.758793e-03
3.600000e+00 1.451608e-03
3.620000e+00 -9.859872e-02
3.640000e+00 -6.983920e-02
3.660000e+00 -9.273678e-02
3.680000e+00 -7.556263e-02
3.700000e+00 -6.566534e-02
3.720000e+00 -2.598974e-02
3.740000e+00 6.070544e-03
3.760000e+00 3.021852e-02
3.780000e+00 -1.936232e-02
3.800000e+00 -5.129671e-02
3.820000e+00 -7.757559e-02
3.840000e+00 -2.502605e-02
3.860000e+00 3.372384e-03
3.880000e+00 6.852840e-02
3.900000e+00 1.245088e-01
3.920000e+00 2.013707e-01
3.940000e+00 2.618335e-01
3.960000e+00 3.158714e-01
3.980000e+00 1.306403e-01
4.000000e+00 7.200948e-02
4.020000e+00 9.729698e-02
4.040000e+00 8.735464e-02
4.060000e+00 2.035110e-02
4.080000e+00 -7.490756e-03
4.100000e+00 2.664665e-02
4.120000e+00 3.212428e-02
4.140000e+00 7.666841e-02
4.160000e+00 1.005891e-01
4.180000e+00 1.491808e-01
4.200000e+00 1.741753e-01
4.220000e+00 2.195696e-01
4.240000e+00 2.428792e-01
4.260000e+00 2.897528e-01
4.280000e+00 2.796168e-01
4.300000e+00 3.068261e-01
4.320000e+00 2.891675e-01
4.340000e+00 2.291947e-01
4.360000e+00 -1.185440e-01
4.380000e+00 -9.151958e-03
4.400000e+00 1.765994e-02
4.420000e+00 2.653644e-02
4.440000e+00 -1.003033e-01
4.460000e+00 -1.882426e-01
4.480000e+00 -3.145091e-01
4.500000e+00 -2.556060e-01
4.520000e+00 -2.302782e-01
4.540000e+00 -1.540124e-01
4.560000e+00 -1.042807e-01
4.580000e+00 -1.742908e-02
4.600000e+00 3.896492e-02
4.620000e+00 1.177279e-01
4.640000e+00 1.685256e-01
4.660000e+00 2.204817e-01
4.680000e+00 -7.447423e-02
4.700000e+00 -1.004686e-01
4.720000e+00 -3.610429e-02
4.740000e+00 -5.874094e-03
4.760000e+00 8.272283e-02
4.780000e+00 1.595620e-01
4.800000e+00 2.325905e-01
4.820000e+00 3.310131e-01
4.840000e+00 2.227712e-01
4.860000e+00 -2.227351e-01
4.880000e+00 -1.597185e-01
4.900000e+00 -1.611429e-01
4.920000e+00 -1.203444e-01
4.940000e+00 -3.879088e-02
4.960000e+00 -1.396654e-01
4.980000e+00 -2.552098e-01
5.000000e+00 -1.806418e-01
5.020000e+00 -1.944301e-01
5.040000e+00 -1.498045e-01
5.060000e+00 -1.332768e-01
5.080000e+00 -9.824637e-02
5.100000e+00 -6.977431e-02
5.120000e+00 -8.320020e-02
5.140000e+00 -1.837942e-01
5.160000e+00 -1.907233e-01
5.180000e+00 -1.892697e-01
5.200000e+00 -1.994121e-01
5.220000e+00 -1.491304e-01
5.240000e+00 -1.406177e-01
5.260000e+00 -6.309931e-02
5.280000e+00 -1.983526e-01
5.300000e+00 -3.157907e-01
5.320000e+00 -1.896116e-01
5.340000e+00 -1.815922e-01
5.360000e+00 -7.330378e-02
5.380000e+00 -1.096791e-02
5.400000e+00 7.494801e-02
5.420000e+00 1.333627e-01
5.440000e+00 1.652964e-01
5.460000e+00 9.910758e-02
5.480000e+00 4.695908e-02
5.500000e+00 5.417043e-03
5.520000e+00 4.618666e-02
5.540000e+00 6.978558e-02
5.560000e+00 1.223098e-01
5.580000e+00 1.633211e-01
5.600000e+00 2.099072e-01
5.620000e+00 2.440832e-01
5.640000e+00 2.683832e-01
5.660000e+00 1.685497e-01
5.680000e+00 5.724488e-02
5.700000e+00 -1.765898e-02
5.720000e+00 -6.652452e-03
5.740000e+00 8.907003e-03
5.760000e+00 4.090317e-02
5.780000e+00 2.566974e-02
5.800000e+00 2.947338e-03
5.820000e+00 1.714957e-02
5.840000e+00 4.688514e-02
5.860000e+00 5.040165e-02
5.880000e+00 6.265993e-02
5.900000e+00 9.153203e-02
5.920000e+00 1.162488e-01
5.940000e+00 1.609414e-01
5.960000e+00 2.027449e-01
5.980000e+00 2.374023e-01
6.000000e+00 1.850067e-01
6.020000e+00 1.303601e-01
6.040000e+00 5.068790e-02
6.060000e+00 6.664003e-02
6.080000e+00 6.574491e-02
6.100000e+00 5.306660e-02
6.120000e+00 -3.251755e-02
6.140000e+00 -4.637067e-02
6.160000e+00 -5.020168e-02
6.180000e+00 -4.659935e-02
6.200000e+00 -3.612444e-02
6.220000e+00 -2.570183e-02
6.240000e+00 -8.582763e-02
6.260000e+00 -1.144479e-01
6.280000e+00 -1.233948e-01
6.300000e+00 -9.317204e-02
6.320000e+00 -6.479257e-02
6.340000e+00 -4.434240e-02
6.360000e+00 -3.806089e-02
6.380000e+00 -4.302722e-03
6.400000e+00 1.252186e-02
6.420000e+00 2.545963e-02
6.440000e+00 2.156218e-02
6.460000e+00 -1.792505e-02
6.480000e+00 -8.255163e-02
6.500000e+00 -1.253760e-01
6.520000e+00 -1.226615e-01
6.540000e+00 -1.322288e-01
6.560000e+00 -1.259662e-01
6.580000e+00 -1.075550e-01
6.600000e+00 -7.492541e-02
6.620000e+00 -1.843347e-02
6.640000e+00 -4.205582e-02
6.660000e+00 -1.503630e-02
6.680000e+00 1.306733e-02
6.700000e+00 2.382351e-02
6.720000e+00 3.994969e-02
6.740000e+00 6.018858e-02
6.760000e+00 8.674362e-02
6.780000e+00 1.081294e-01
6.800000e+00 1.313847e-01
6.820000e+00 1.423336e-01
6.840000e+00 1.742635e-01
6.860000e+00 1.612431e-01
6.880000e+00 4.255194e-02
6.900000e+00 -4.995798e-02
6.920000e+00 -5.380153e-02
6.940000e+00 -5.344385e-02
6.960000e+00 -2.851301e-02
6.980000e+00 -3.664535e-02
7.000000e+00 -6.456051e-02
7.020000e+00 -8.317028e-02
7.040000e+00 -6.320346e-02
7.060000e+00 -1.652171e-02
7.080000e+00 1.807280e-02
7.100000e+00 5.819683e-02
7.120000e+00 8.743326e-02
7.140000e+00 1.103129e-01
7.160000e+00 7.017073e-02
7.180000e+00 3.268071e-02
7.200000e+00 2.182667e-02
7.220000e+00 3.242373e-02
7.240000e+00 -3.778553e-03
7.260000e+00 -1.325691e-02
7.280000e+00 -2.638539e-02
7.300000e+00 -2.931610e-02
7.320000e+00 -3.281414e-02
7.340000e+00 -1.498761e-02
7.360000e+00 -1.468433e-02
7.380000e+00 -1.960415e-02
7.400000e+00 -1.425060e-02
7.420000e+00 3.756814e-02
7.440000e+00 8.437633e-02
7.460000e+00 1.011056e-01
7.480000e+00 5.367617e-02
7.500000e+00 3.466325e-02
7.520000e+00 8.311194e-03
7.540000e+00 5.462512e-03
7.560000e+00 1.470199e-02
7.580000e+00 2.907678e-02
7.600000e+00 6.159280e-02
7.620000e+00 9.181893e-02
7.640000e+00 1.218594e-01
7.660000e+00 1.295369e-01
7.680000e+00 1.070994e-01
7.700000e+00 9.595767e-02
7.720000e+00 1.051756e-01
7.740000e+00 1.235912e-01
7.760000e+00 5.402818e-02
7.780000e+00 5.693470e-02
7.800000e+00 6.837979e-03
7.820000e+00 -3.516961e-02
7.840000e+00 -4.319975e-02
7.860000e+00 -6.503861e-02
7.880000e+00 -7.155926e-02
7.900000e+00 -8.303521e-02
7.920000e+00 -8.454989e-02
7.940000e+00 -8.904292e-02
7.960000e+00 -3.118169e-02
7.980000e+00 1.080735e-02
8.000000e+00 -3.937749e-02
8.020000e+00 -6.903021e-02
8.040000e+00 -6.816615e-02
8.060000e+00 -3.669813e-02
8.080000e+00 -4.606522e-02
8.100000e+00 -3.625368e-02
8.120000e+00 -5.083568e-02
8.140000e+00 -5.524396e-02
8.160000e+00 -7.235051e-02
8.180000e+00 -8.513348e-02
8.200000e+00 -1.115803e-01
8.220000e+00 -1.158831e-01
8.240000e+00 -1.152286e-01
8.260000e+00 -1.021369e-01
8.280000e+00 -8.773131e-02
8.300000e+00 -6.128826e-02
8.320000e+00 -5.827617e-02
8.340000e+00 -4.105419e-02
8.360000e+00 -3.004645e-02
8.380000e+00 -2.387361e-03
8.400000e+00 1.292170e-02
8.420000e+00 4.758742e-02
8.440000e+00 4.476644e-02
8.460000e+00 8.467862e-02
8.480000e+00 8.635029e-02
8.500000e+00 1.328641e-01
8.520000e+00 -5.154168e-02
8.540000e+00 -1.246613e-01
8.560000e+00 -1.311236e-01
8.580000e+00 -1.363438e-01
8.600000e+00 -1.205074e-01
8.620000e+00 -1.008471e-01
8.640000e+00 -7.657508e-02
8.660000e+00 -5.283798e-02
8.680000e+00 -2.983742e-02
8.700000e+00 -5.115350e-03
8.720000e+00 1.801328e-02
8.740000e+00 1.459679e-02
8.760000e+00 9.976042e-04
8.780000e+00 1.385837e-02
8.800000e+00 5.314915e-02
8.820000e+00 7.462097e-02
8.840000e+00 6.115955e-02
8.860000e+00 9.652477e-02
8.880000e+00 1.374587e-01
8.900000e+00 1.734489e-01
8.920000e+00 2.082027e-01
8.940000e+00 2.706001e-01
8.960000e+00 1.679382e-01
8.980000e+00 -1.669697e-01
9.000000e+00 -7.133889e-02
9.020000e+00 -8.889238e-02
9.040000e+00 -6.769083e-02
9.060000e+00 -1.782017e-01
9.080000e+00 -1.410897e-01
9.100000e+00 -1.331095e-01
9.120000e+00 -1.458713e-01
9.140000e+00 -1.209191e-01
9.160000e+00 -3.579002e-02
9.180000e+00 4.063948e-02
9.200000e+00 1.561004e-01
9.220000e+00 2.610768e-01
9.240000e+00 1.609752e-01
9.260000e+00 8.467364e-02
9.280000e+00 1.117885e-01
9.300000e+00 1.898378e-02
9.320000e+00 -3.812883e-02
9.340000e+00 -1.197616e-01
9.360000e+00 -1.847208e-01
9.380000e+00 -2.393987e-01
9.400000e+00 -2.421991e-01
9.420000e+00 -1.802750e-01
9.440000e+00 -1.042022e-01
9.460000e+00 -2.554763e-02
9.480000e+00 6.503990e-02
9.500000e+00 1.751351e-01
9.520000e+00 2.458664e-01
9.540000e+00 -2.259368e-02
9.560000e+00 2.221520e-02
9.580000e+00 1.189876e-02
9.600000e+00 1.963270e-02
9.620000e+00 3.852296e-02
9.640000e+00 8.984508e-02
9.660000e+00 1.250944e-01
9.680000e+00 -3.271824e-02
9.700000e+00 -9.569686e-02
9.720000e+00 -4.469941e-02
9.740000e+00 -4.916163e-02
9.760000e+00 -3.204745e-02
9.780000e+00 -1.148277e-02
9.800000e+00 3.895966e-02
9.820000e+00 7.930083e-02
9.840000e+00 1.151130e-01
9.860000e+00 1.335120e-01
9.880000e+00 1.050268e-01
9.900000e+00 6.567588e-02
9.920000e+00 1.912495e-02
9.940000e+00 2.429518e-02
9.960000e+00 -4.897004e-02
9.980000e+00 -5.065456e-02
1.000000e+01 8.396729e-03
1.002000e+01 5.741472e-02
1.004000e+01 1.242346e-01
1.006000e+01 6.484696e-02
1.008000e+01 4.253260e-02
1.010000e+01 5.434385e-02
1.012000e+01 1.483574e-02
1.014000e+01 -2.318831e-02
1.016000e+01 -6.724594e-02
1.018000e+01 -6.883692e-02
1.020000e+01 -6.931451e-02
1.022000e+01 -5.239664e-02
1.024000e+01 -1.097820e-02
1.026000e+01 3.735440e-02
1.028000e+01 8.304474e-02
1.030000e+01 1.242581e-01
1.032000e+01 5.560747e-02
1.034000e+01 -2.201859e-02
1.036000e+01 -1.187578e-01
1.038000e+01 -1.011602e-01
1.040000e+01 -8.616356e-02
1.042000e+01 -1.602438e-01
1.044000e+01 -1.483916e-01
1.046000e+01 -5.416282e-02
1.048000e+01 1.658361e-02
1.050000e+01 1.115797e-01
1.052000e+01 1.581457e-01
1.054000e+01 2.075072e-01
1.056000e+01 1.803599e-01
1.058000e+01 1.272142e-01
1.060000e+01 8.135033e-02
1.062000e+01 3.355767e-02
1.064000e+01 -1.383983e-02
1.066000e+01 -2.653724e-02
1.068000e+01 -7.240249e-02
1.070000e+01 -1.133943e-01
1.072000e+01 -1.540462e-01
1.074000e+01 -1.710309e-01
1.076000e+01 -1.353686e-01
1.078000e+01 -1.045809e-01
1.080000e+01 -5.395572e-02
1.082000e+01 -3.275590e-02
1.084000e+01 -4.154432e-02
1.086000e+01 -2.539337e-02
1.088000e+01 -4.448252e-02
1.090000e+01 -7.236807e-02
1.092000e+01 -2.407324e-02
1.094000e+01 1.594199e-03
1.096000e+01 4.012418e-02
1.098000e+01 7.483373e-02
1.100000e+01 7.591571e-02
1.102000e+01 1.432606e-02
1.104000e+01 -3.791928e-02
1.106000e+01 -1.012675e-01
1.108000e+01 -9.216981e-02
1.110000e+01 -7.966006e-02
1.112000e+01 -6.038394e-02
1.114000e+01 -3.734770e-02
1.116000e+01 -3.874667e-03
1.118000e+01 -1.657197e-02
1.120000e+01 -7.547828e-02
1.122000e+01 -8.255130e-02
1.124000e+01 -9.684809e-02
1.126000e+01 -6.475532e-02
1.128000e+01 -3.305954e-02
1.130000e+01 -2.892934e-03
1.132000e+01 1.532217e-02
1.134000e+01 2.569928e-02
1.136000e+01 1.186147e-02
1.138000e+01 -5.084371e-02
1.140000e+01 -9.315638e-02
1.142000e+01 -1.554615e-01
1.144000e+01 -2.037047e-01
1.146000e+01 -1.730810e-01
1.148000e+01 -1.545437e-01
1.150000e+01 -1.112141e-01
1.152000e+01 -8.002288e-02
1.154000e+01 -3.875839e-02
1.156000e+01 -6.856016e-03
1.158000e+01 3.698842e-02
1.160000e+01 6.535731e-02
1.162000e+01 9.822175e-02
1.164000e+01 1.174379e-01
1.166000e+01 1.379252e-01
1.168000e+01 1.575245e-01
1.170000e+01 1.815849e-01
1.172000e+01 1.925605e-01
1.174000e+01 2.103424e-01
1.176000e+01 2.222481e-01
1.178000e+01 2.387644e-01
1.180000e+01 2.713115e-01
1.182000e+01 2.955166e-01
1.184000e+01 3.139576e-01
1.186000e+01 1.817194e-01
1.188000e+01 4.553172e-02
1.190000e+01 -4.933595e-02
1.192000e+01 -1.336368e-01
1.194000e+01 -1.104059e-01
1.196000e+01 -1.208604e-01
1.198000e+01 -1.435474e-01
1.200000e+01 -1.666012e-01
1.202000e+01 -1.390233e-01
1.204000e+01 -1.157035e-01
1.206000e+01 -9.794028e-02
1.208000e+01 -8.886718e-02
1.210000e+01 -1.185880e-01
1.212000e+01 -1.529710e-01
1.214000e+01 -1.754703e-01
1.216000e+01 -1.943131e-01
1.218000e+01 -1.980895e-01
1.220000e+01 -1.927122e-01
1.222000e+01 -1.758815e-01
1.224000e+01 -1.052050e-01
1.226000e+01 5.027627e-03
1.228000e+01 4.104309e-02
1.230000e+01 5.191182e-02
1.232000e+01 9.108539e-02
1.234000e+01 3.698096e-02
1.236000e+01 4.082160e-04
1.238000e+01 1.754420e-02
1.240000e+01 1.483247e-02
1.242000e+01 2.826220e-03
1.244000e+01 -1.757948e-02
1.246000e+01 -2.054585e-02
1.248000e+01 2.279098e-03
1.250000e+01 7.493047e-02
1.252000e+01 7.479136e-02
1.254000e+01 8.669313e-02
1.256000e+01 1.145750e-01
1.258000e+01 8.951704e-02
1.260000e+01 5.964051e-02
1.262000e+01 5.188602e-02
1.264000e+01 7.291670e-03
1.266000e+01 1.248578e-02
1.268000e+01 1.306123e-02
1.270000e+01 2.530785e-02
1.272000e+01 1.468032e-02
1.274000e+01 -1.552416e-02
1.276000e+01 -4.984409e-02
1.278000e+01 -4.519449e-02
1.280000e+01 -2.596756e-02
1.282000e+01 -1.613973e-03
1.284000e+01 2.602746e-02
1.286000e+01 2.943007e-02
1.288000e+01 4.338199e-02
1.290000e+01 5.136632e-02
1.292000e+01 6.947963e-02
1.294000e+01 5.263715e-02
1.296000e+01 7.922748e-02
1.298000e+01 1.124473e-01
1.300000e+01 1.461304e-01
1.302000e+01 1.755392e-01
1.304000e+01 1.847090e-01
1.306000e+01 1.783131e-01
1.308000e+01 1.894738e-01
1.310000e+01 1.585256e-01
1.312000e+01 1.439487e-01
1.314000e+01 2.213741e-02
1.316000e+01 -5.522636e-02
1.318000e+01 -1.000555e-01
1.320000e+01 -1.463542e-01
1.322000e+01 -1.546074e-01
1.324000e+01 -1.435630e-01
1.326000e+01 -1.012226e-01
1.328000e+01 -8.034706e-02
1.330000e+01 -6.433451e-03
1.332000e+01 5.953876e-02
1.334000e+01 -2.581314e-02
1.336000e+01 -4.810592e-02
1.338000e+01 -2.752642e-03
1.340000e+01 2.445549e-02
1.342000e+01 6.983623e-02
1.344000e+01 7.537660e-03
1.346000e+01 -9.159717e-02
1.348000e+01 -1.006731e-01
1.350000e+01 -1.062122e-02
1.352000e+01 8.736930e-03
1.354000e+01 4.127332e-02
1.356000e+01 2.577386e-03
1.358000e+01 -2.928839e-02
1.360000e+01 -6.119914e-02
1.362000e+01 -6.725669e-02
1.364000e+01 -8.791757e-02
1.366000e+01 -7.769528e-02
1.368000e+01 -5.861072e-02
1.370000e+01 -4.251164e-02
1.372000e+01 -8.226166e-03
1.374000e+01 3.960138e-02
1.376000e+01 6.044572e-02
1.378000e+01 1.638977e-01
1.380000e+01 1.575482e-01
1.382000e+01 5.164766e-02
1.384000e+01 -3.731493e-02
1.386000e+01 -1.377542e-01
1.388000e+01 -1.211302e-01
1.390000e+01 -1.153472e-01
1.392000e+01 -8.834300e-02
1.394000e+01 -5.224669e-02
1.396000e+01 -1.860625e-02
1.398000e+01 1.314052e-02
1.400000e+01 3.219366e-02
1.402000e+01 8.676126e-02
1.404000e+01 9.766894e-04
1.406000e+01 -7.593766e-02
1.408000e+01 -7.135456e-02
1.410000e+01 -1.304093e-01
1.412000e+01 -1.150160e-01
1.414000e+01 -9.368912e-02
1.416000e+01 -2.269984e-02
1.418000e+01 7.188560e-02
1.420000e+01 1.180666e-01
1.422000e+01 2.038025e-01
1.424000e+01 2.350594e-01
1.426000e+01 2.193543e-01
1.428000e+01 1.570192e-01
1.430000e+01 7.788541e-02
1.432000e+01 1.933805e-02
1.434000e+01 -1.394709e-02
1.436000e+01 1.247479e-02
1.438000e+01 1.624917e-02
1.440000e+01 5.810218e-02
1.442000e+01 3.451529e-02
1.444000e+01 -1.848338e-02
1.446000e+01 -3.018464e-02
1.448000e+01 -4.006827e-02
1.450000e+01 -6.351920e-03
1.452000e+01 1.933315e-03
1.454000e+01 -9.668350e-03
1.456000e+01 -2.236219e-02
1.458000e+01 -3.224292e-02
1.460000e+01 -6.306360e-02
1.462000e+01 -9.020376e-02
1.464000e+01 -6.643494e-02
1.466000e+01 -1.337858e-02
1.468000e+01 3.552072e-03
1.470000e+01 4.328430e-02
1.472000e+01 5.466837e-02
1.474000e+01 6.491998e-02
1.476000e+01 7.518741e-02
1.478000e+01 1.050540e-01
1.480000e+01 4.466875e-02
1.482000e+01 -5.895149e-02
1.484000e+01 -7.643879e-02
1.486000e+01 -4.553612e-02
1.488000e+01 -4.105232e-02
1.490000e+01 -6.930315e-03
1.492000e+01 1.460973e-03
1.494000e+01 -3.899907e-02
1.496000e+01 -7.461916e-02
1.498000e+01 -1.020346e-01
1.500000e+01 -6.293825e-02
1.502000e+01 -1.232404e-02
1.504000e+01 3.161421e-02
1.506000e+01 8.764959e-02
1.508000e+01 6.969292e-02
1.510000e+01 3.325659e-02
1.512000e+01 -1.687163e-02
1.514000e+01 -4.039140e-02
1.516000e+01 -4.800913e-02
1.518000e+01 -3.802446e-02
1.520000e+01 -2.012515e-02
1.522000e+01 1.046344e-02
1.524000e+01 4.150199e-02
1.526000e+01 5.113476e-03
1.528000e+01 -2.421125e-02
1.530000e+01 -6.409755e-02
1.532000e+01 -5.583724e-02
1.534000e+01 -3.504258e-02
1.536000e+01 -1.326530e-02
1.538000e+01 1.868985e-02
1.540000e+01 -1.088184e-02
1.542000e+01 1.784263e-02
1.544000e+01 6.734042e-02
1.546000e+01 1.083196e-01
1.548000e+01 1.547526e-01
1.550000e+01 1.520665e-01
1.552000e+01 1.382863e-01
1.554000e+01 1.193685e-01
1.556000e+01 1.279090e-01
1.558000e+01 1.345977e-01
1.560000e+01 1.205830e-01
1.562000e+01 3.239580e-02
1.564000e+01 -3.052752e-02
1.566000e+01 -8.891061e-02
1.568000e+01 -1.154340e-01
1.570000e+01 -7.664506e-02
1.572000e+01 -5.747169e-02
1.574000e+01 -3.225515e-02
1.576000e+01 -1.601195e-02
1.578000e+01 -5.501353e-02
1.580000e+01 -9.208711e-02
1.582000e+01 -1.149003e-01
1.584000e+01 -8.772335e-02
1.586000e+01 -6.424625e-02
1.588000e+01 -2.917834e-02
1.590000e+01 1.690343e-03
1.592000e+01 -4.249150e-03
1.594000e+01 -1.726593e-02
1.596000e+01 -2.326458e-02
1.598000e+01 -4.853386e-02
1.600000e+01 -5.105997e-02
1.602000e+01 -9.794706e-03
1.604000e+01 1.486103e-02
1.606000e+01 5.242774e-02
1.608000e+01 7.523600e-02
1.610000e+01 9.479481e-02
1.612000e+01 8.677492e-02
1.614000e+01 4.847925e-02
1.616000e+01 -1.579633e-02
1.618000e+01 -1.204102e-01
1.620000e+01 -9.728128e-02
1.622000e+01 -6.855598e-02
1.624000e+01 -3.143166e-02
1.626000e+01 1.200705e-02
1.628000e+01 6.508932e-02
1.630000e+01 6.524737e-02
1.632000e+01 4.429800e-02
1.634000e+01 8.128772e-02
1.636000e+01 7.806963e-02
1.638000e+01 6.898866e-02
1.640000e+01 5.711622e-02
1.642000e+01 5.183824e-02
1.644000e+01 3.977599e-02
1.646000e+01 1.014537e-02
1.648000e+01 -2.456207e-02
1.650000e+01 -6.125847e-02
1.652000e+01 -6.922725e-02
1.654000e+01 -4.385287e-02
1.656000e+01 -2.884341e-02
1.658000e+01 4.638097e-03
1.660000e+01 -2.941702e-02
1.662000e+01 -4.300245e-02
1.664000e+01 -3.900138e-02
1.666000e+01 -4.639782e-02
1.668000e+01 -2.161443e-02
1.670000e+01 -1.495759e-02
1.672000e+01 -1.258738e-02
1.674000e+01 -1.263855e-02
1.676000e+01 3.848910e-03
1.678000e+01 5.828427e-03
1.680000e+01 -1.801348e-02
1.682000e+01 -6.257046e-03
1.684000e+01 2.375709e-02
1.686000e+01 6.001208e-02
1.688000e+01 1.034231e-01
1.690000e+01 1.243584e-01
1.692000e+01 9.927073e-02
1.694000e+01 7.043662e-02
1.696000e+01 1.896454e-02
1.698000e+01 -3.622121e-02
1.700000e+01 -6.320209e-02
1.702000e+01 -8.487488e-02
1.704000e+01 -6.675871e-02
1.706000e+01 -3.729868e-02
1.708000e+01 -8.207965e-03
1.710000e+01 2.195024e-02
1.712000e+01 4.154993e-02
1.714000e+01 1.796690e-02
1.716000e+01 -4.563869e-03
1.718000e+01 -3.340045e-02
1.720000e+01 -6.002064e-02
1.722000e+01 -8.036453e-02
1.724000e+01 -5.254490e-02
1.726000e+01 -2.241095e-02
1.728000e+01 9.808516e-03
1.730000e+01 4.083766e-02
1.732000e+01 5.878271e-02
1.734000e+01 2.582624e-02
1.736000e+01 -1.157633e-02
1.738000e+01 -5.257631e-02
1.740000e+01 -6.421045e-02
1.742000e+01 -7.500627e-02
1.744000e+01 -8.479356e-02
1.746000e+01 -1.067907e-01
1.748000e+01 -1.141711e-01
1.750000e+01 -1.024516e-01
1.752000e+01 -8.297696e-02
1.754000e+01 -5.912467e-02
1.756000e+01 -3.460543e-02
1.758000e+01 -2.046253e-02
1.760000e+01 1.833278e-03
1.762000e+01 1.396100e-02
1.764000e+01 9.288482e-02
1.766000e+01 1.163391e-01
1.768000e+01 1.258628e-01
1.770000e+01 9.928290e-02
1.772000e+01 8.355769e-02
1.774000e+01 2.804753e-02
1.776000e+01 -2.903538e-02
1.778000e+01 -3.511333e-02
1.780000e+01 -4.864467e-02
1.782000e+01 -2.024615e-02
1.784000e+01 -3.467103e-03
1.786000e+01 1.669660e-02
1.788000e+01 1.886438e-02
1.790000e+01 3.046986e-02
1.792000e+01 2.443145e-02
1.794000e+01 -1.940346e-03
1.796000e+01 -2.750615e-02
1.798000e+01 -2.806967e-02
1.800000e+01 1.030599e-03
1.802000e+01 2.466136e-02
1.804000e+01 5.257416e-02
1.806000e+01 5.431314e-02
1.808000e+01 5.053049e-02
1.810000e+01 5.751744e-02
1.812000e+01 8.147716e-02
1.814000e+01 9.315587e-02
1.816000e+01 6.316358e-02
1.818000e+01 6.459353e-03
1.820000e+01 -4.522312e-02
1.822000e+01 -6.169379e-02
1.824000e+01 -3.795604e-02
1.826000e+01 -2.881914e-02
1.828000e+01 -1.073142e-02
1.830000e+01 5.444849e-03
1.832000e+01 2.032023e-02
1.834000e+01 2.845159e-02
1.836000e+01 3.251706e-02
1.838000e+01 3.108783e-02
1.840000e+01 2.392267e-02
1.842000e+01 1.663456e-02
1.844000e+01 9.503172e-03
1.846000e+01 8.072641e-03
1.848000e+01 1.069899e-02
1.850000e+01 1.962966e-02
1.852000e+01 3.744213e-02
1.854000e+01 3.350284e-02
1.856000e+01 1.596314e-02
1.858000e+01 2.111339e-03
1.860000e+01 -2.769179e-02
1.862000e+01 -3.754949e-02
1.864000e+01 -1.907252e-02
1.866000e+01 -3.010369e-02
1.868000e+01 -7.860140e-02
1.870000e+01 -1.279274e-01
1.872000e+01 -1.369118e-01
1.874000e+01 -1.231147e-01
1.876000e+01 -8.479037e-02
1.878000e+01 -1.587183e-02
1.880000e+01 5.231345e-02
1.882000e+01 7.111469e-02
1.884000e+01 3.834613e-02
1.886000e+01 3.726527e-02
1.888000e+01 2.354708e-02
1.890000e+01 -6.014450e-03
1.892000e+01 -5.511586e-02
1.894000e+01 -8.994875e-02
1.896000e+01 -6.326590e-02
1.898000e+01 -3.287018e-02
1.900000e+01 -2.283357e-02
1.902000e+01 1.235672e-03
1.904000e+01 2.713145e-02
1.906000e+01 6.417228e-02
1.908000e+01 9.385589e-02
1.910000e+01 1.155796e-01
1.912000e+01 8.013250e-02
1.914000e+01 2.375295e-02
1.916000e+01 -2.570246e-02
1.918000e+01 -4.348336e-02
1.920000e+01 -6.235797e-02
1.922000e+01 -7.249903e-02
1.924000e+01 -7.356323e-02
1.926000e+01 -4.124061e-02
1.928000e+01 9.589184e-03
1.930000e+01 6.948431e-02
1.932000e+01 1.310153e-01
1.934000e+01 1.507531e-01
1.936000e+01 1.281911e-01
1.938000e+01 1.028628e-01
1.940000e+01 4.854694e-02
1.942000e+01 1.063964e-03
1.944000e+01 -5.248346e-02
1.946000e+01 -8.436673e-02
1.948000e+01 -7.576740e-02
1.950000e+01 -5.623337e-02
1.952000e+01 -2.393752e-02
1.954000e+01 1.677973e-02
1.956000e+01 2.336943e-03
1.958000e+01 -2.808912e-02
1.960000e+01 -4.110624e-02
1.962000e+01 -5.071136e-02
1.964000e+01 -6.403431e-02
1.966000e+01 -6.693477e-02
1.968000e+01 -6.265706e-02
1.970000e+01 -5.893915e-02
1.972000e+01 -5.011029e-02
1.974000e+01 -5.023181e-02
1.976000e+01 -3.757552e-02
1.978000e+01 -1.491276e-02
1.980000e+01 -7.705552e-03
1.982000e+01 4.541285e-03
1.984000e+01 2.507084e-02
1.986000e+01 3.520383e-02
1.988000e+01 3.328697e-02
1.990000e+01 3.977390e-03
1.992000e+01 -2.710007e-02
1.994000e+01 -6.145809e-02
1.996000e+01 -6.946499e-02
1.998000e+01 -3.994502e-02
2.000000e+01 -2.941454e-03
2.002000e+01 5.469990e-02
2.004000e+01 8.382327e-02
2.006000e+01 1.150962e-01
2.008000e+01 1.329170e-01
2.010000e+01 1.325845e-01
2.012000e+01 1.162778e-01
2.014000e+01 7.961483e-02
2.016000e+01 1.986620e-02
2.018000e+01 -3.391664e-02
2.020000e+01 -6.706754e-02
2.022000e+01 -9.564301e-02
2.024000e+01 -9.210603e-02
2.026000e+01 -8.602299e-02
2.028000e+01 -5.559650e-02
2.030000e+01 -8.690817e-03
2.032000e+01 4.418908e-02
2.034000e+01 7.699646e-02
2.036000e+01 9.757899e-02
2.038000e+01 6.178700e-02
2.040000e+01 1.602889e-02
2.042000e+01 -2.832756e-02
2.044000e+01 -7.308412e-02
2.046000e+01 -1.135897e-01
2.048000e+01 -1.329953e-01
2.050000e+01 -8.114410e-02
2.052000e+01 -3.233458e-02
2.054000e+01 3.329394e-02
2.056000e+01 9.251593e-02
2.058000e+01 1.371499e-01
2.060000e+01 1.350590e-01
2.062000e+01 1.166085e-01
2.064000e+01 7.579136e-02
2.066000e+01 3.098788e-02
2.068000e+01 -1.945368e-02
2.070000e+01 -6.208122e-02
2.072000e+01 -9.371246e-02
2.074000e+01 -1.249991e-01
2.076000e+01 -1.112527e-01
2.078000e+01 -6.940850e-02
2.080000e+01 -2.586085e-02
2.082000e+01 4.682215e-02
2.084000e+01 7.837985e-02
2.086000e+01 1.148865e-01
2.088000e+01 1.082942e-01
2.090000e+01 6.280313e-02
2.092000e+01 4.400217e-02
2.094000e+01 2.707417e-02
2.096000e+01 8.689798e-03
2.098000e+01 -2.726980e-02
2.100000e+01 -5.727588e-02
2.102000e+01 -4.258005e-02
2.104000e+01 -9.479249e-03
2.106000e+01 2.318991e-02
2.108000e+01 6.539119e-02
2.110000e+01 9.663734e-02
2.112000e+01 1.264805e-01
2.114000e+01 1.235663e-01
2.116000e+01 8.544882e-02
2.118000e+01 5.305614e-02
2.120000e+01 1.035741e-02
2.122000e+01 -2.766335e-02
2.124000e+01 -5.255857e-02
2.126000e+01 -7.231062e-02
2.128000e+01 -8.510206e-02
2.130000e+01 -9.235011e-02
2.132000e+01 -7.810621e-02
2.134000e+01 -5.482561e-02
2.136000e+01 -3.859651e-02
2.138000e+01 -2.306852e-02
2.140000e+01 -2.639925e-02
2.142000e+01 -2.991045e-02
2.144000e+01 -3.334204e-02
2.146000e+01 -2.986410e-02
2.148000e+01 -2.526895e-02
2.150000e+01 -1.438708e-02
2.152000e+01 -2.127190e-02
2.154000e+01 -2.623241e-02
2.156000e+01 -3.414388e-02
2.158000e+01 -4.805143e-02
2.160000e+01 -6.075123e-02
2.162000e+01 -6.035443e-02
2.164000e+01 -6.294570e-02
2.166000e+01 -7.803046e-02
2.168000e+01 -9.644946e-02
2.170000e+01 -1.079478e-01
2.172000e+01 -1.134761e-01
2.174000e+01 -1.130397e-01
2.176000e+01 -8.601774e-02
2.178000e+01 -5.557548e-02
2.180000e+01 1.798079e-02
2.182000e+01 6.029902e-02
2.184000e+01 7.915743e-02
2.186000e+01 1.041881e-01
2.188000e+01 8.034906e-02
2.190000e+01 5.094905e-02
2.192000e+01 2.443387e-02
2.194000e+01 1.648939e-02
2.196000e+01 5.647177e-03
2.198000e+01 1.044812e-02
2.200000e+01 -3.493222e-02
2.202000e+01 -6.210631e-02
2.204000e+01 -7.887272e-02
2.206000e+01 -6.326565e-02
2.208000e+01 -9.257390e-03
2.210000e+01 3.223139e-02
2.212000e+01 8.099559e-02
2.214000e+01 1.210754e-01
2.216000e+01 1.474994e-01
2.218000e+01 1.261275e-01
2.220000e+01 1.023049e-01
2.222000e+01 6.923989e-02
2.224000e+01 3.270502e-02
2.226000e+01 5.169349e-03
2.228000e+01 -2.466793e-03
2.230000e+01 -6.184835e-03
2.232000e+01 7.006711e-04
2.234000e+01 1.192474e-02
2.236000e+01 1.395755e-02
2.238000e+01 1.803565e-02
2.240000e+01 1.816766e-02
2.242000e+01 1.256882e-02
2.244000e+01 9.088343e-03
2.246000e+01 8.864080e-03
2.248000e+01 -2.809263e-03
2.250000e+01 -2.218719e-02
2.252000e+01 -4.168331e-02
2.254000e+01 -6.581735e-02
2.256000e+01 -8.228730e-02
2.258000e+01 -1.043555e-01
2.260000e+01 -4.845772e-02
2.262000e+01 -9.849247e-03
2.264000e+01 6.511126e-03
2.266000e+01 3.550785e-02
2.268000e+01 5.121005e-02
2.270000e+01 5.251014e-02
2.272000e+01 2.868615e-02
2.274000e+01 2.861764e-02
2.276000e+01 2.598912e-02
2.278000e+01 2.674723e-02
2.280000e+01 2.486277e-02
2.282000e+01 1.169676e-02
2.284000e+01 -1.510180e-02
2.286000e+01 -4.500205e-02
2.288000e+01 -6.544746e-02
2.290000e+01 -5.000134e-02
2.292000e+01 -3.770407e-02
2.294000e+01 -2.085786e-02
2.296000e+01 -1.298856e-03
2.298000e+01 5.704884e-03
2.300000e+01 3.812479e-03
2.302000e+01 -6.289038e-03
2.304000e+01 -1.409515e-02
2.306000e+01 -1.890280e-02
2.308000e+01 -1.602607e-02
2.310000e+01 4.468354e-03
2.312000e+01 2.259710e-02
2.314000e+01 1.454471e-02
2.316000e+01 8.429500e-03
2.318000e+01 9.525733e-03
2.320000e+01 9.539370e-04
2.322000e+01 -5.812620e-03
2.324000e+01 -1.846369e-02
2.326000e+01 -2.807981e-02
2.328000e+01 -4.526280e-02
2.330000e+01 -6.640463e-02
2.332000e+01 -7.549938e-02
2.334000e+01 -8.678079e-02
2.336000e+01 -6.665895e-02
2.338000e+01 -2.715652e-02
2.340000e+01 2.049565e-03
2.342000e+01 2.853374e-02
2.344000e+01 4.370376e-02
2.346000e+01 4.060545e-02
2.348000e+01 1.844564e-02
2.350000e+01 4.648082e-03
2.352000e+01 -2.289375e-02
2.354000e+01 -4.759645e-02
2.356000e+01 -6.880780e-02
2.358000e+01 -6.314599e-02
2.360000e+01 -1.097571e-02
2.362000e+01 2.655258e-02
2.364000e+01 2.933842e-02
2.366000e+01 -3.912035e-04
2.368000e+01 -2.626205e-02
2.370000e+01 -6.065436e-02
2.372000e+01 -4.378322e-02
2.374000e+01 -2.661884e-02
2.376000e+01 2.741551e-03
2.378000e+01 3.627295e-02
2.380000e+01 7.919491e-02
2.382000e+01 9.740370e-02
2.384000e+01 7.374937e-02
2.386000e+01 5.904511e-02
2.388000e+01 2.293378e-02
2.390000e+01 2.658127e-02
2.392000e+01 6.137821e-02
2.394000e+01 8.259078e-02
2.396000e+01 1.223087e-01
2.398000e+01 1.153534e-01
2.400000e+01 7.250250e-02
2.402000e+01 2.836016e-02
2.404000e+01 -2.969710e-02
2.406000e+01 -9.135404e-02
2.408000e+01 -1.440171e-01
2.410000e+01 -1.901583e-01
2.412000e+01 -1.696732e-01
2.414000e+01 -1.064595e-01
2.416000e+01 -4.459256e-02
2.418000e+01 3.921134e-02
2.420000e+01 1.084051e-01
2.422000e+01 1.720745e-01
2.424000e+01 1.590189e-01
2.426000e+01 9.364661e-02
2.428000e+01 3.719997e-02
2.430000e+01 -3.971075e-02
2.432000e+01 -1.081035e-01
2.434000e+01 -1.607354e-01
2.436000e+01 -1.014656e-01
2.438000e+01 -5.863261e-02
2.440000e+01 -1.669426e-04
2.442000e+01 5.110899e-02
2.444000e+01 8.575351e-02
2.446000e+01 4.407555e-02
2.448000e+01 9.802595e-03
2.450000e+01 -3.319623e-02
2.452000e+01 -2.933292e-02
2.454000e+01 -1.865581e-02
2.456000e+01 8.192357e-03
2.458000e+01 3.161911e-02
2.460000e+01 3.305955e-02
2.462000e+01 5.096517e-02
2.464000e+01 6.596572e-02
2.466000e+01 7.502623e-02
2.468000e+01 7.354120e-02
2.470000e+01 5.799839e-02
2.472000e+01 1.743598e-02
2.474000e+01 -6.854100e-03
2.476000e+01 -1.598786e-02
2.478000e+01 -1.015726e-02
2.480000e+01 1.799504e-04
2.482000e+01 5.544919e-03
2.484000e+01 -1.073109e-02
2.486000e+01 -4.001590e-02
2.488000e+01 -6.085067e-02
2.490000e+01 -8.366488e-02
2.492000e+01 -1.079855e-01
2.494000e+01 -7.873330e-02
2.496000e+01 -3.620072e-02
2.498000e+01 6.955300e-03
2.500000e+01 3.757746e-02
2.502000e+01 4.719706e-02
2.504000e+01 2.030996e-02
2.506000e+01 -4.228660e-03
2.508000e+01 -2.530818e-02
2.510000e+01 4.418721e-03
2.512000e+01 3.858379e-02
2.514000e+01 5.339866e-02
2.516000e+01 2.818600e-02
2.518000e+01 2.124059e-02
2.520000e+01 7.224865e-03
2.522000e+01 1.215897e-02
2.524000e+01 -1.116423e-03
2.526000e+01 -3.991621e-02
2.528000e+01 -6.368315e-02
2.530000e+01 -8.264768e-02
2.532000e+01 -9.329840e-02
2.534000e+01 -1.285562e-01
2.536000e+01 -9.599845e-02
2.538000e+01 -1.561835e-02
2.540000e+01 5.437182e-02
2.542000e+01 1.120980e-01
2.544000e+01 1.484509e-01
2.546000e+01 1.436904e-01
2.548000e+01 1.033756e-01
2.550000e+01 7.364286e-02
2.552000e+01 7.111691e-02
2.554000e+01 8.121260e-02
2.556000e+01 9.522439e-02
2.558000e+01 1.198042e-01
2.560000e+01 1.399298e-01
2.562000e+01 1.565162e-01
2.564000e+01 1.549456e-01
2.566000e+01 1.399862e-01
2.568000e+01 5.676697e-02
2.570000e+01 -2.633144e-02
2.572000e+01 -1.164921e-01
2.574000e+01 -1.781667e-01
2.576000e+01 -9.429002e-02
2.578000e+01 -2.218315e-02
2.580000e+01 7.193379e-02
2.582000e+01 1.574121e-01
2.584000e+01 1.923631e-01
2.586000e+01 1.462829e-01
2.588000e+01 9.296582e-02
2.590000e+01 2.743080e-02
2.592000e+01 -4.822470e-02
2.594000e+01 -6.056533e-02
2.596000e+01 -2.517584e-02
2.598000e+01 -1.698208e-03
2.600000e+01 6.219428e-02
2.602000e+01 1.174455e-01
2.604000e+01 1.313281e-01
2.606000e+01 1.259752e-01
2.608000e+01 9.355704e-02
2.610000e+01 6.632829e-02
2.612000e+01 3.034015e-02
2.614000e+01 1.317756e-02
2.616000e+01 -2.996878e-02
2.618000e+01 -8.300859e-02
2.620000e+01 -1.285643e-01
2.622000e+01 -1.832789e-01
2.624000e+01 -2.192653e-01
2.626000e+01 -1.954680e-01
2.628000e+01 -1.859134e-01
2.630000e+01 -1.495757e-01
2.632000e+01 -1.070031e-01
2.634000e+01 -6.814762e-02
2.636000e+01 -5.370666e-02
2.638000e+01 -3.719383e-02
2.640000e+01 -2.214249e-02
2.642000e+01 -1.262908e-02
2.644000e+01 -2.271670e-02
2.646000e+01 -3.570329e-02
2.648000e+01 -5.025929e-02
2.650000e+01 -5.743500e-02
2.652000e+01 -5.904680e-02
2.654000e+01 -6.490655e-02
2.656000e+01 -6.391180e-02
2.658000e+01 -4.908316e-02
2.660000e+01 -2.262121e-02
2.662000e+01 2.976900e-03
2.664000e+01 3.288859e-02
2.666000e+01 6.311935e-02
2.668000e+01 8.560338e-02
2.670000e+01 1.060462e-01
2.672000e+01 1.264447e-01
2.674000e+01 1.298526e-01
2.676000e+01 1.239144e-01
2.678000e+01 1.114195e-01
2.680000e+01 9.250243e-02
2.682000e+01 8.111145e-02
2.684000e+01 7.199120e-02
2.686000e+01 5.254666e-02
2.688000e+01 2.406436e-02
2.690000e+01 -1.822357e-02
2.692000e+01 -4.398494e-02
2.694000e+01 -3.323174e-02
2.696000e+01 -2.874855e-02
2.698000e+01 -1.231242e-02
2.700000e+01 -1.384060e-05
2.702000e+01 1.530831e-02
2.704000e+01 1.483521e-02
2.706000e+01 3.027434e-03
2.708000e+01 -2.485888e-04
2.710000e+01 -1.440345e-02
2.712000e+01 -7.845733e-03
2.714000e+01 -1.569544e-03
2.716000e+01 6.705225e-03
2.718000e+01 8.521242e-04
2.720000e+01 1.280762e-03
2.722000e+01 4.113666e-03
2.724000e+01 1.902671e-03
2.726000e+01 4.980775e-03
2.728000e+01 1.020275e-02
2.730000e+01 9.425909e-03
2.732000e+01 -1.317597e-02
2.734000e+01 -4.060952e-02
2.736000e+01 -6.664449e-02
2.738000e+01 -8.454619e-02
2.740000e+01 -1.167425e-01
2.742000e+01 -1.242248e-01
2.744000e+01 -1.180806e-01
2.746000e+01 -1.027187e-01
2.748000e+01 -7.924880e-02
2.750000e+01 -5.557720e-02
2.752000e+01 -4.554608e-02
2.754000e+01 -4.058158e-02
2.756000e+01 -2.005506e-02
2.758000e+01 -1.013808e-02
2.760000e+01 5.096069e-04
2.762000e+01 -4.890577e-03
2.764000e+01 -2.150163e-02
2.766000e+01 -4.656005e-02
2.768000e+01 -6.706445e-02
2.770000e+01 -7.176268e-02
2.772000e+01 -7.362993e-02
2.774000e+01 -6.013064e-02
2.776000e+01 -3.956013e-02
2.778000e+01 -2.394411e-03
2.780000e+01 3.907011e-02
2.782000e+01 7.043709e-02
2.784000e+01 8.548834e-02
2.786000e+01 7.837418e-02
2.788000e+01 4.991218e-02
2.790000e+01 4.555040e-03
2.792000e+01 -3.817033e-02
2.794000e+01 -6.465801e-02
2.796000e+01 -8.793640e-02
2.798000e+01 -7.931486e-02
2.800000e+01 -4.921358e-02
2.802000e+01 -1.976547e-02
2.804000e+01 1.306785e-02
2.806000e+01 4.023151e-02
2.808000e+01 6.368324e-02
2.810000e+01 7.663148e-02
2.812000e+01 8.164940e-02
2.814000e+01 6.504144e-02
2.816000e+01 3.745147e-02
2.818000e+01 1.018651e-02
2.820000e+01 -1.663442e-02
2.822000e+01 -3.668069e-02
2.824000e+01 -1.744378e-02
2.826000e+01 1.130433e-03
2.828000e+01 2.003448e-02
2.830000e+01 3.575569e-02
2.832000e+01 4.787105e-02
2.834000e+01 2.918624e-02
2.836000e+01 2.708189e-03
2.838000e+01 -9.387845e-03
2.840000e+01 -2.399809e-02
2.842000e+01 -2.629651e-02
2.844000e+01 -2.153592e-02
2.846000e+01 -1.284132e-02
2.848000e+01 -3.094607e-03
2.850000e+01 2.863245e-03
2.852000e+01 2.844096e-03
2.854000e+01 1.139292e-02
2.856000e+01 2.520001e-02
2.858000e+01 3.601465e-02
2.860000e+01 2.770040e-02
2.862000e+01 1.442708e-04
2.864000e+01 -2.339502e-02
2.866000e+01 -5.793031e-02
2.868000e+01 -6.843078e-02
2.870000e+01 -5.894624e-02
2.872000e+01 -4.812888e-02
2.874000e+01 -2.067289e-02
2.876000e+01 1.469123e-02
2.878000e+01 5.164644e-02
2.880000e+01 7.957576e-02
2.882000e+01 9.288022e-02
2.884000e+01 9.373595e-02
2.886000e+01 8.168673e-02
2.888000e+01 4.811270e-02
2.890000e+01 2.305266e-02
2.892000e+01 -3.148018e-03
2.894000e+01 -2.788199e-02
2.896000e+01 -4.602194e-02
2.898000e+01 -5.480062e-02
2.900000e+01 -4.737546e-02
2.902000e+01 -3.306239e-02
2.904000e+01 -1.831681e-02
2.906000e+01 -4.992973e-03
2.908000e+01 -8.588049e-03
2.910000e+01 -1.886990e-02
2.912000e+01 -3.490589e-02
2.914000e+01 -5.572633e-02
2.916000e+01 -6.635260e-02
2.918000e+01 -6.331244e-02
2.920000e+01 -5.553972e-02
2.922000e+01 -1.749524e-02
2.924000e+01 -1.570558e-03
2.926000e+01 1.857239e-02
2.928000e+01 2.876004e-02
2.930000e+01 1.978682e-02
2.932000e+01 9.097237e-03
2.934000e+01 -6.133677e-03
2.936000e+01 -7.987741e-03
2.938000e+01 -9.225320e-03
2.940000e+01 -7.397240e-03
2.942000e+01 -2.172886e-02
2.944000e+01 -2.920043e-02
2.946000e+01 -3.677922e-02
2.948000e+01 -2.844161e-02
2.950000e+01 -3.376112e-03
2.952000e+01 1.615085e-02
2.954000e+01 3.974005e-02
2.956000e+01 4.573586e-02
2.958000e+01 4.050651e-02
2.960000e+01 3.286132e-02
2.962000e+01 1.829396e-02
2.964000e+01 6.236590e-03
2.966000e+01 -2.006636e-03
2.968000e+01 -8.247121e-03
2.970000e+01 -1.215971e-02
2.972000e+01 -1.552437e-02
2.974000e+01 -1.378553e-02
2.976000e+01 8.496696e-03
2.978000e+01 3.132664e-02
2.980000e+01 4.723634e-02
2.982000e+01 6.050597e-02
2.984000e+01 6.729754e-02
2.986000e+01 5.842731e-02
2.988000e+01 4.095152e-02
2.990000e+01 2.320672e-02
2.992000e+01 5.678385e-03
2.994000e+01 8.234114e-04
2.996000e+01 2.266734e-03
2.998000e+01 4.219183e-03
3.000000e+01 9.168733e-03
3.002000e+01 1.578357e-02
3.004000e+01 1.760225e-02
3.006000e+01 7.824072e-03
3.008000e+01 1.693709e-03
3.010000e+01 -1.098567e-02
3.012000e+01 -3.592493e-02
3.014000e+01 -6.765632e-02
3.016000e+01 -9.005070e-02
3.018000e+01 -1.063535e-01
3.020000e+01 -9.542446e-02
3.022000e+01 -7.397323e-02
3.024000e+01 -4.607247e-02
3.026000e+01 -6.963860e-03
3.028000e+01 2.524232e-02
3.030000e+01 4.035051e-02
3.032000e+01 3.990590e-02
3.034000e+01 3.310060e-02
3.036000e+01 2.198287e-02
3.038000e+01 1.684044e-02
3.040000e+01 1.637335e-02
3.042000e+01 9.789642e-03
3.044000e+01 -1.363613e-03
3.046000e+01 -6.217030e-03
3.048000e+01 -1.357237e-02
3.050000e+01 -1.815202e-02
3.052000e+01 -1.926558e-02
3.054000e+01 -1.270368e-02
3.056000e+01 -1.592213e-02
3.058000e+01 -8.885734e-03
3.060000e+01 -3.750764e-03
3.062000e+01 -1.900744e-03
3.064000e+01 -2.825764e-03
3.066000e+01 -1.265912e-02
3.068000e+01 -2.146024e-02
3.070000e+01 -2.000991e-02
3.072000e+01 -1.517506e-02
3.074000e+01 -5.586266e-03
3.076000e+01 9.745212e-05
3.078000e+01 1.728816e-03
3.080000e+01 3.530922e-03
3.082000e+01 7.104604e-03
3.084000e+01 1.568894e-02
3.086000e+01 2.162526e-02
3.088000e+01 2.814267e-02
3.090000e+01 3.536603e-02
3.092000e+01 3.325823e-02
3.094000e+01 2.833709e-02
3.096000e+01 2.758470e-02
3.098000e+01 2.639062e-02
3.100000e+01 3.754914e-02
3.102000e+01 4.961180e-02
3.104000e+01 5.939552e-02
3.106000e+01 6.120819e-02
3.108000e+01 4.054022e-02
3.110000e+01 1.936628e-02
3.112000e+01 -1.119466e-02
3.114000e+01 -3.720712e-02
3.116000e+01 -6.532525e-02
3.118000e+01 -6.719928e-02
3.120000e+01 -4.571435e-02
3.122000e+01 -2.720341e-02
3.124000e+01 2.256515e-03
3.126000e+01 1.348704e-02
3.128000e+01 8.493571e-03
3.130000e+01 1.158141e-03
3.132000e+01 -8.092389e-03
3.134000e+01 -1.994535e-02
3.136000e+01 -2.932451e-02
3.138000e+01 -3.619020e-02
3.140000e+01 -3.897327e-02
3.142000e+01 -3.381979e-02
3.144000e+01 -2.376130e-02
3.146000e+01 -8.527761e-03
3.148000e+01 1.292055e-02
3.150000e+01 3.698735e-02
3.152000e+01 5.986533e-02
3.154000e+01 7.184472e-02
3.156000e+01 7.350814e-02
3.158000e+01 5.964099e-02
3.160000e+01 3.741010e-02
3.162000e+01 2.460207e-02
3.164000e+01 1.682228e-02
3.166000e+01 8.450283e-03
3.168000e+01 1.622775e-03
3.170000e+01 -6.356382e-03
3.172000e+01 -1.183433e-02
3.174000e+01 -5.709342e-03
3.176000e+01 2.788849e-03
3.178000e+01 8.820914e-03
3.180000e+01 6.159054e-03
3.182000e+01 1.550878e-03
3.184000e+01 -1.926808e-03
3.186000e+01 -3.398932e-03
3.188000e+01 -5.122678e-03
3.190000e+01 -6.527829e-03
3.192000e+01 -5.526155e-03
3.194000e+01 9.299524e-04
3.196000e+01 9.798359e-03
3.198000e+01 2.115899e-02
3.200000e+01 3.341773e-02
3.202000e+01 4.882562e-02
3.204000e+01 6.217712e-02
3.206000e+01 5.858098e-02
3.208000e+01 4.712712e-02
3.210000e+01 2.227182e-02
3.212000e+01 -1.550102e-03
3.214000e+01 -1.103667e-02
3.216000e+01 -2.094159e-02
3.218000e+01 -2.630296e-02
3.220000e+01 -2.995753e-02
3.222000e+01 -2.125108e-02
3.224000e+01 -8.642732e-03
3.226000e+01 4.099934e-03
3.228000e+01 1.732796e-02
3.230000e+01 2.776163e-02
3.232000e+01 3.339462e-02
3.234000e+01 1.975179e-02
3.236000e+01 3.190876e-03
3.238000e+01 -1.057161e-02
3.240000e+01 -2.142859e-02
3.242000e+01 -3.008683e-02
3.244000e+01 -3.297343e-02
3.246000e+01 -2.488846e-02
3.248000e+01 -1.580115e-02
3.250000e+01 -5.742652e-03
3.252000e+01 1.601496e-03
3.254000e+01 7.343725e-03
3.256000e+01 8.616397e-03
3.258000e+01 7.816757e-03
3.260000e+01 6.257003e-03
3.262000e+01 6.009872e-03
3.264000e+01 7.710374e-03
3.266000e+01 1.052191e-02
3.268000e+01 1.607752e-02
3.270000e+01 2.536024e-02
3.272000e+01 3.327376e-02
3.274000e+01 4.045505e-02
3.276000e+01 4.309965e-02
3.278000e+01 3.526531e-02
3.280000e+01 2.370020e-02
3.282000e+01 7.783634e-03
3.284000e+01 -9.419658e-03
3.286000e+01 -2.510785e-02
3.288000e+01 -4.035780e-02
3.290000e+01 -4.335359e-02
3.292000e+01 -3.542712e-02
3.294000e+01 -2.519893e-02
3.296000e+01 -1.201028e-02
3.298000e+01 -3.371989e-04
3.300000e+01 1.301883e-02
3.302000e+01 1.950118e-02
3.304000e+01 2.466915e-02
3.306000e+01 2.344693e-02
3.308000e+01 1.943016e-02
3.310000e+01 1.110156e-02
3.312000e+01 4.557679e-03
3.314000e+01 -1.310098e-03
3.316000e+01 -6.566483e-03
3.318000e+01 -1.134200e-02
3.320000e+01 -1.547133e-02
3.322000e+01 -1.588777e-02
3.324000e+01 -1.564909e-02
3.326000e+01 -1.173115e-02
3.328000e+01 -4.933496e-03
3.330000e+01 2.293273e-04
3.332000e+01 4.724199e-03
3.334000e+01 7.502678e-03
3.336000e+01 5.832494e-03
3.338000e+01 3.327865e-03
3.340000e+01 -2.919878e-03
3.342000e+01 -7.790481e-03
3.344000e+01 -7.635805e-03
3.346000e+01 4.088631e-04
3.348000e+01 6.949430e-03
3.350000e+01 6.654508e-03
3.352000e+01 2.604143e-03
3.354000e+01 2.000887e-03
3.356000e+01 9.014585e-03
3.358000e+01 1.250516e-02
3.360000e+01 1.296909e-02
3.362000e+01 1.010792e-02
3.364000e+01 9.927818e-03
3.366000e+01 8.670220e-03
3.368000e+01 1.251032e-02
3.370000e+01 1.914049e-02
3.372000e+01 2.366131e-02
3.374000e+01 1.568186e-02
3.376000e+01 7.960551e-03
3.378000e+01 -3.843601e-03
3.380000e+01 -1.214906e-02
3.382000e+01 -2.002862e-02
3.384000e+01 -2.700517e-02
3.386000e+01 -3.178910e-02
3.388000e+01 -3.636736e-02
3.390000e+01 -4.308860e-02
3.392000e+01 -3.841605e-02
3.394000e+01 -3.059711e-02
3.396000e+01 -2.143039e-02
3.398000e+01 -1.125265e-02
3.400000e+01 -4.160369e-03
3.402000e+01 -5.171991e-03
3.404000e+01 -8.395554e-03
3.406000e+01 -1.489617e-02
3.408000e+01 -1.701230e-02
3.410000e+01 -2.243126e-02
3.412000e+01 -2.807370e-02
3.414000e+01 -3.565319e-02
3.416000e+01 -4.053345e-02
3.418000e+01 -4.423890e-02
3.420000e+01 -3.970634e-02
3.422000e+01 -2.835246e-02
3.424000e+01 -1.539253e-02
3.426000e+01 -1.055121e-03
3.428000e+01 1.149787e-02
3.430000e+01 2.386538e-02
3.432000e+01 2.444127e-02
3.434000e+01 2.330969e-02
3.436000e+01 2.019238e-02
3.438000e+01 1.640250e-02
3.440000e+01 1.057455e-02
3.442000e+01 1.866377e-03
3.444000e+01 -6.673474e-04
3.446000e+01 -1.246224e-04
3.448000e+01 -1.833179e-04
3.450000e+01 -3.501703e-03
3.452000e+01 -1.192822e-02
3.454000e+01 -2.316551e-02
3.456000e+01 -2.880117e-02
3.458000e+01 -2.598310e-02
3.460000e+01 -2.531564e-02
3.462000e+01 -1.963319e-02
3.464000e+01 -1.257930e-02
3.466000e+01 -2.013024e-03
3.468000e+01 9.759074e-03
3.470000e+01 2.154578e-02
3.472000e+01 3.349124e-02
3.474000e+01 4.413846e-02
3.476000e+01 5.319664e-02
3.478000e+01 5.775364e-02
3.480000e+01 5.467848e-02
3.482000e+01 4.687336e-02
3.484000e+01 3.411858e-02
3.486000e+01 2.316205e-02
3.488000e+01 8.687111e-03
3.490000e+01 -8.712636e-03
3.492000e+01 -2.492528e-02
3.494000e+01 -3.391291e-02
3.496000e+01 -3.954103e-02
3.498000e+01 -3.796781e-02
3.500000e+01 -3.564632e-02
3.502000e+01 -3.190086e-02
3.504000e+01 -2.461734e-02
3.506000e+01 -1.863542e-02
3.508000e+01 -1.174703e-02
3.510000e+01 -3.406114e-03
3.512000e+01 3.066787e-03
3.514000e+01 7.504879e-03
3.516000e+01 6.691075e-03
3.518000e+01 5.617569e-03
3.520000e+01 4.790329e-03
3.522000e+01 5.314275e-03
3.524000e+01 1.066777e-02
3.526000e+01 9.625977e-03
3.528000e+01 7.994100e-03
3.530000e+01 5.401182e-03
3.532000e+01 -9.236786e-04
3.534000e+01 -6.425711e-03
3.536000e+01 -1.305031e-02
3.538000e+01 -1.844228e-02
3.540000e+01 -2.514128e-02
3.542000e+01 -2.347876e-02
3.544000e+01 -1.309389e-02
3.546000e+01 -5.449014e-03
3.548000e+01 3.815117e-03
3.550000e+01 3.489054e-03
3.552000e+01 2.159613e-03
3.554000e+01 -2.027954e-03
3.556000e+01 -7.171604e-03
3.558000e+01 -1.064822e-02
3.560000e+01 -1.247467e-02
3.562000e+01 -1.583553e-02
3.564000e+01 -1.636033e-02
3.566000e+01 -1.583565e-02
3.568000e+01 -1.308720e-02
3.570000e+01 -9.969288e-03
3.572000e+01 -8.623572e-04
3.574000e+01 7.494329e-03
3.576000e+01 1.552145e-02
3.578000e+01 1.221741e-02
3.580000e+01 4.377601e-03
3.582000e+01 -4.249618e-03
3.584000e+01 -1.440094e-02
3.586000e+01 -2.385120e-02
3.588000e+01 -2.726354e-02
3.590000e+01 -2.708477e-02
3.592000e+01 -2.576677e-02
3.594000e+01 -2.223516e-02
3.596000e+01 -1.737621e-02
3.598000e+01 -8.063909e-03
3.600000e+01 4.605196e-04
3.602000e+01 9.221161e-03
3.604000e+01 1.527324e-02
3.606000e+01 1.610609e-02
3.608000e+01 1.642044e-02
3.610000e+01 1.497389e-02
3.612000e+01 1.502244e-02
3.614000e+01 1.485291e-02
3.616000e+01 1.411824e-02
3.618000e+01 1.395731e-02
3.620000e+01 1.156388e-02
3.622000e+01 7.817179e-03
3.624000e+01 5.228344e-03
3.626000e+01 3.340457e-03
3.628000e+01 6.078597e-03
3.630000e+01 9.922607e-03
3.632000e+01 1.566202e-02
3.634000e+01 2.186922e-02
3.636000e+01 2.474278e-02
3.638000e+01 2.913007e-02
3.640000e+01 3.251780e-02
3.642000e+01 3.979467e-02
3.644000e+01 4.685881e-02
3.646000e+01 5.204344e-02
3.648000e+01 5.520022e-02
3.650000e+01 5.512453e-02
3.652000e+01 4.563622e-02
3.654000e+01 3.440876e-02
3.656000e+01 2.113078e-02
3.658000e+01 7.552246e-03
3.660000e+01 -5.730186e-03
3.662000e+01 -1.602233e-02
3.664000e+01 -2.525664e-02
3.666000e+01 -3.137255e-02
3.668000e+01 -3.745098e-02
3.670000e+01 -4.255445e-02
3.672000e+01 -4.622006e-02
3.674000e+01 -4.837739e-02
3.676000e+01 -4.867900e-02
3.678000e+01 -4.717263e-02
3.680000e+01 -4.558537e-02
3.682000e+01 -4.494715e-02
3.684000e+01 -4.264512e-02
3.686000e+01 -4.155361e-02
3.688000e+01 -4.092031e-02
3.690000e+01 -4.196664e-02
3.692000e+01 -4.010162e-02
3.694000e+01 -3.670635e-02
3.696000e+01 -3.385706e-02
3.698000e+01 -3.448562e-02
3.700000e+01 -3.710953e-02
3.702000e+01 -3.820195e-02
3.704000e+01 -3.928707e-02
3.706000e+01 -3.708665e-02
3.708000e+01 -3.458597e-02
3.710000e+01 -2.999608e-02
3.712000e+01 -2.457538e-02
3.714000e+01 -1.467139e-02
3.716000e+01 -7.622097e-03
3.718000e+01 -1.700230e-03
3.720000e+01 4.050340e-03
3.722000e+01 7.818433e-03
3.724000e+01 1.169145e-02
3.726000e+01 1.406055e-02
3.728000e+01 1.610616e-02
3.730000e+01 1.723940e-02
3.732000e+01 2.078267e-02
3.734000e+01 2.434498e-02
3.736000e+01 2.885130e-02
3.738000e+01 3.392744e-02
3.740000e+01 3.887995e-02
3.742000e+01 4.390468e-02
3.744000e+01 4.762801e-02
3.746000e+01 4.618854e-02
3.748000e+01 4.406797e-02
3.750000e+01 4.020635e-02
3.752000e+01 3.493906e-02
3.754000e+01 2.513690e-02
3.756000e+01 1.515334e-02
3.758000e+01 6.283011e-03
3.760000e+01 3.076159e-04
3.762000e+01 4.545772e-04
3.764000e+01 1.763714e-03
3.766000e+01 4.658989e-03
3.768000e+01 8.655256e-03
3.770000e+01 1.319808e-02
3.772000e+01 1.934976e-02
3.774000e+01 2.457544e-02
3.776000e+01 2.982089e-02
3.778000e+01 3.054838e-02
3.780000e+01 2.787568e-02
3.782000e+01 2.664518e-02
3.784000e+01 2.536806e-02
3.786000e+01 2.330572e-02
3.788000e+01 2.076561e-02
3.790000e+01 1.739055e-02
3.792000e+01 9.086070e-03
3.794000e+01 5.727735e-04
3.796000e+01 -8.625231e-03
3.798000e+01 -1.610834e-02
3.800000e+01 -2.081216e-02
3.802000e+01 -2.410567e-02
3.804000e+01 -2.532515e-02
3.806000e+01 -2.063587e-02
3.808000e+01 -1.219372e-02
3.810000e+01 -3.246157e-03
3.812000e+01 7.363843e-03
3.814000e+01 1.691483e-02
3.816000e+01 2.610863e-02
3.818000e+01 2.490008e-02
3.820000e+01 2.111088e-02
3.822000e+01 1.500753e-02
3.824000e+01 7.374980e-03
3.826000e+01 -2.434605e-03
3.828000e+01 -6.286596e-03
3.830000e+01 -3.684639e-03
3.832000e+01 -2.308474e-03
3.834000e+01 1.508968e-03
3.836000e+01 1.691195e-03
3.838000e+01 3.188674e-03
3.840000e+01 4.494659e-03
3.842000e+01 6.104010e-03
3.844000e+01 9.397145e-03
3.846000e+01 1.331256e-02
3.848000e+01 1.687412e-02
3.850000e+01 2.066234e-02
3.852000e+01 2.398550e-02
3.854000e+01 2.512880e-02
3.856000e+01 2.469640e-02
3.858000e+01 2.499402e-02
3.860000e+01 2.384917e-02
3.862000e+01 2.361593e-02
3.864000e+01 1.680261e-02
3.866000e+01 4.226574e-03
3.868000e+01 -7.439186e-03
3.870000e+01 -1.493267e-02
3.872000e+01 -2.120734e-02
3.874000e+01 -2.798214e-02
3.876000e+01 -3.682486e-02
3.878000e+01 -4.407996e-02
3.880000e+01 -4.311392e-02
3.882000e+01 -4.157979e-02
3.884000e+01 -3.828214e-02
3.886000e+01 -3.405582e-02
3.888000e+01 -2.948632e-02
3.890000e+01 -2.502259e-02
3.892000e+01 -2.208244e-02
3.894000e+01 -1.936383e-02
3.896000e+01 -1.722133e-02
3.898000e+01 -1.578600e-02
3.900000e+01 -1.377976e-02
3.902000e+01 -6.958683e-03
3.904000e+01 -4.010086e-05
3.906000e+01 3.975163e-03
3.908000e+01 3.812447e-03
3.910000e+01 4.583060e-03
3.912000e+01 3.843446e-03
3.914000e+01 3.648548e-03
3.916000e+01 5.482706e-03
3.918000e+01 8.055786e-03
3.920000e+01 9.751081e-03
3.922000e+01 1.213836e-02
3.924000e+01 1.148537e-02
3.926000e+01 8.973908e-03
3.928000e+01 6.859185e-03
3.930000e+01 4.501541e-03
3.932000e+01 3.497007e-03
3.934000e+01 2.855039e-03
3.936000e+01 6.122249e-03
3.938000e+01 1.076814e-02
3.940000e+01 1.467517e-02
3.942000e+01 1.824690e-02
3.944000e+01 2.046351e-02
3.946000e+01 2.152639e-02
3.948000e+01 2.058629e-02
3.950000e+01 1.870422e-02
3.952000e+01 1.662289e-02
3.954000e+01 1.427481e-02
3.956000e+01 1.268275e-02
3.958000e+01 1.529729e-02
3.960000e+01 1.911960e-02
3.962000e+01 1.320967e-02
3.964000e+01 5.232637e-03
3.966000e+01 -2.236875e-03
3.968000e+01 -9.641250e-03
3.970000e+01 -1.641755e-02
3.972000e+01 -2.257882e-02
3.974000e+01 -2.731268e-02
3.976000e+01 -3.047415e-02
3.978000e+01 -2.705934e-02
3.980000e+01 -2.186248e-02
3.982000e+01 -1.572920e-02
3.984000e+01 -7.848291e-03
3.986000e+01 -8.850394e-04
3.988000e+01 5.473770e-03
3.990000e+01 1.172063e-02
3.992000e+01 1.357070e-02
3.994000e+01 9.927471e-03
3.996000e+01 5.896401e-03
3.998000e+01 6.179605e-04
4.000000e+01 -4.326625e-03
4.002000e+01 -8.407385e-03
4.004000e+01 -1.105168e-02
4.006000e+01 -1.256538e-02
4.008000e+01 -1.162560e-02
4.010000e+01 -6.575767e-03
4.012000e+01 -9.574384e-04
4.014000e+01 5.078599e-03
4.016000e+01 8.072510e-03
4.018000e+01 1.070975e-02
4.020000e+01 1.377969e-02
4.022000e+01 1.749984e-02
4.024000e+01 1.977930e-02
4.026000e+01 2.221631e-02
4.028000e+01 2.215539e-02
4.030000e+01 1.762625e-02
4.032000e+01 1.279220e-02
4.034000e+01 7.137352e-03
4.036000e+01 7.949048e-04
4.038000e+01 -5.346009e-03
4.040000e+01 -1.192750e-02
4.042000e+01 -1.304948e-02
4.044000e+01 -1.356235e-02
4.046000e+01 -1.351130e-02
4.048000e+01 -1.397871e-02
4.050000e+01 -1.468039e-02
4.052000e+01 -1.453764e-02
4.054000e+01 -1.355981e-02
4.056000e+01 -1.162354e-02
4.058000e+01 -9.429241e-03
4.060000e+01 -6.914733e-03
4.062000e+01 -4.450819e-03
4.064000e+01 -2.535725e-03
4.066000e+01 -1.229462e-03
4.068000e+01 -4.698185e-04
4.070000e+01 -3.175274e-04
4.072000e+01 -4.436130e-03
4.074000e+01 -8.337981e-03
4.076000e+01 -1.231232e-02
4.078000e+01 -1.614578e-02
4.080000e+01 -1.933666e-02
4.082000e+01 -2.222722e-02
4.084000e+01 -2.437110e-02
4.086000e+01 -2.708879e-02
4.088000e+01 -2.886314e-02
4.090000e+01 -3.027282e-02
4.092000e+01 -3.207844e-02
4.094000e+01 -3.404249e-02
4.096000e+01 -3.557243e-02
4.098000e+01 -3.723954e-02
4.100000e+01 -3.451309e-02
4.102000e+01 -2.972604e-02
4.104000e+01 -2.238426e-02
4.106000e+01 -9.906374e-03
4.108000e+01 3.798828e-05
4.110000e+01 7.369090e-03
4.112000e+01 1.450550e-02
4.114000e+01 1.977542e-02
4.116000e+01 2.131005e-02
4.118000e+01 2.279854e-02
4.120000e+01 2.028245e-02
4.122000e+01 1.654855e-02
4.124000e+01 1.170832e-02
4.126000e+01 5.611955e-03
4.128000e+01 -2.687599e-04
4.130000e+01 -5.012886e-03
4.132000e+01 -9.734196e-03
4.134000e+01 -7.056545e-03
4.136000e+01 -7.780325e-04
4.138000e+01 4.870076e-03
4.140000e+01 9.624640e-03
4.142000e+01 1.323892e-02
4.144000e+01 1.502512e-02
4.146000e+01 1.588317e-02
4.148000e+01 1.630003e-02
4.150000e+01 1.622714e-02
4.152000e+01 1.625921e-02
4.154000e+01 1.615425e-02
4.156000e+01 1.618753e-02
4.158000e+01 1.602341e-02
4.160000e+01 1.483667e-02
4.162000e+01 1.320336e-02
4.164000e+01 1.092325e-02
4.166000e+01 7.876458e-03
4.168000e+01 4.748942e-03
4.170000e+01 1.149998e-03
4.172000e+01 6.661032e-04
4.174000e+01 1.535375e-03
4.176000e+01 3.290904e-03
4.178000e+01 6.276408e-03
4.180000e+01 9.523690e-03
4.182000e+01 1.373529e-02
4.184000e+01 1.542908e-02
4.186000e+01 1.719280e-02
4.188000e+01 1.862128e-02
4.190000e+01 1.918687e-02
4.192000e+01 1.840602e-02
4.194000e+01 1.701920e-02
4.196000e+01 1.489630e-02
4.198000e+01 1.217366e-02
4.200000e+01 9.071206e-03
4.202000e+01 5.422209e-03
4.204000e+01 3.620269e-03
4.206000e+01 2.582301e-03
4.208000e+01 1.017543e-03
4.210000e+01 1.252035e-03
4.212000e+01 2.334702e-03
4.214000e+01 2.216369e-03
4.216000e+01 2.323681e-03
4.218000e+01 3.095583e-03
4.220000e+01 3.850923e-03
4.222000e+01 5.540350e-03
4.224000e+01 7.246258e-03
4.226000e+01 8.498700e-03
4.228000e+01 9.909638e-03
4.230000e+01 1.121673e-02
4.232000e+01 3.828380e-03
4.234000e+01 1.988874e-03
4.236000e+01 2.807749e-03
4.238000e+01 1.538099e-03
4.240000e+01 1.237714e-03
4.242000e+01 -6.543087e-04
4.244000e+01 -4.129469e-03
4.246000e+01 -8.435168e-03
4.248000e+01 -1.305065e-02
4.250000e+01 -1.794804e-02
4.252000e+01 -2.254455e-02
4.254000e+01 -2.628456e-02
4.256000e+01 -2.404427e-02
4.258000e+01 -2.198810e-02
4.260000e+01 -1.847945e-02
4.262000e+01 -1.472298e-02
4.264000e+01 -1.063342e-02
4.266000e+01 -8.985628e-03
4.268000e+01 -8.205855e-03
4.270000e+01 -7.169754e-03
4.272000e+01 -6.305810e-03
4.274000e+01 -3.931610e-03
4.276000e+01 -9.321721e-04
4.278000e+01 2.744273e-03
4.280000e+01 7.128956e-03
4.282000e+01 1.123807e-02
4.284000e+01 1.426503e-02
4.286000e+01 1.583264e-02
4.288000e+01 1.355259e-02
4.290000e+01 1.092662e-02
4.292000e+01 6.328623e-03
4.294000e+01 3.328559e-03
4.296000e+01 3.301631e-04
4.298000e+01 -2.715194e-03
4.300000e+01 -5.286314e-03
4.302000e+01 -7.239493e-03
4.304000e+01 -8.715791e-03
4.306000e+01 -7.794030e-03
4.308000e+01 -5.331219e-03
4.310000e+01 1.116597e-03
4.312000e+01 7.338874e-03
4.314000e+01 1.458510e-02
4.316000e+01 1.841578e-02
4.318000e+01 1.827525e-02
4.320000e+01 1.852853e-02
4.322000e+01 1.739310e-02
4.324000e+01 1.606420e-02
4.326000e+01 1.426979e-02
4.328000e+01 1.220061e-02
4.330000e+01 9.021368e-03
4.332000e+01 2.902467e-03
4.334000e+01 -2.964135e-03
4.336000e+01 -8.729371e-03
4.338000e+01 -9.095450e-03
4.340000e+01 -9.791274e-03
4.342000e+01 -9.083146e-03
4.344000e+01 -8.067914e-03
4.346000e+01 -6.165515e-03
4.348000e+01 -5.061163e-03
4.350000e+01 -4.620017e-03
4.352000e+01 -3.856290e-03
4.354000e+01 -3.601532e-03
4.356000e+01 -3.627270e-03
4.358000e+01 -3.691218e-03
4.360000e+01 -3.749863e-03
4.362000e+01 -4.725019e-03
4.364000e+01 -6.228585e-03
4.366000e+01 -1.000705e-02
4.368000e+01 -1.356916e-02
4.370000e+01 -1.734356e-02
4.372000e+01 -2.068425e-02
4.374000e+01 -2.271996e-02
4.376000e+01 -2.277718e-02
4.378000e+01 -2.195814e-02
4.380000e+01 -1.955776e-02
4.382000e+01 -1.666468e-02
4.384000e+01 -1.282134e-02
4.386000e+01 -1.017252e-02
4.388000e+01 -9.207071e-03
4.390000e+01 -8.335715e-03
4.392000e+01 -8.622565e-03
4.394000e+01 -8.249649e-03
4.396000e+01 -7.000063e-03
4.398000e+01 -6.813299e-03
4.400000e+01 -5.560792e-03
4.402000e+01 -2.042948e-03
4.404000e+01 1.114053e-03
4.406000e+01 4.848208e-03
4.408000e+01 7.863673e-03
4.410000e+01 7.877810e-03
4.412000e+01 8.373788e-03
4.414000e+01 8.232406e-03
4.416000e+01 8.042807e-03
4.418000e+01 9.130430e-03
4.420000e+01 1.056399e-02
4.422000e+01 1.109090e-02
4.424000e+01 1.098101e-02
4.426000e+01 1.100639e-02
4.428000e+01 1.120615e-02
4.430000e+01 1.150595e-02
4.432000e+01 1.287176e-02
4.434000e+01 1.559949e-02
4.436000e+01 1.784077e-02
4.438000e+01 2.037062e-02
4.440000e+01 2.068892e-02
4.442000e+01 2.026468e-02
4.444000e+01 1.993722e-02
4.446000e+01 1.903507e-02
4.448000e+01 1.841772e-02
4.450000e+01 1.782035e-02
4.452000e+01 1.743562e-02
4.454000e+01 1.689486e-02
4.456000e+01 1.658504e-02
4.458000e+01 1.606479e-02
4.460000e+01 1.525786e-02
4.462000e+01 1.228717e-02
4.464000e+01 9.083736e-03
4.466000e+01 5.962190e-03
4.468000e+01 4.702953e-03
4.470000e+01 2.945588e-03
4.472000e+01 1.954930e-03
4.474000e+01 1.285333e-03
4.476000e+01 5.082865e-04
4.478000e+01 -1.110428e-03
4.480000e+01 -7.930141e-04
4.482000e+01 2.474268e-04
4.484000e+01 1.401586e-03
4.486000e+01 2.696282e-03
4.488000e+01 3.667019e-03
4.490000e+01 2.648518e-03
4.492000e+01 1.370967e-03
4.494000e+01 -4.956742e-04
4.496000e+01 -1.955740e-03
4.498000e+01 -3.673417e-03
4.500000e+01 -5.482467e-03
4.502000e+01 -7.459749e-03
4.504000e+01 -1.035979e-02
4.506000e+01 -1.387017e-02
4.508000e+01 -1.701941e-02
4.510000e+01 -2.024843e-02
4.512000e+01 -2.316491e-02
4.514000e+01 -2.589482e-02
4.516000e+01 -2.832715e-02
4.518000e+01 -2.884048e-02
4.520000e+01 -2.473514e-02
4.522000e+01 -2.126601e-02
4.524000e+01 -1.630289e-02
4.526000e+01 -1.345920e-02
4.528000e+01 -1.172120e-02
4.530000e+01 -1.030926e-02
4.532000e+01 -9.772532e-03
4.534000e+01 -9.792192e-03
4.536000e+01 -1.029410e-02
4.538000e+01 -1.149650e-02
4.540000e+01 -1.270031e-02
4.542000e+01 -1.399121e-02
4.544000e+01 -1.490008e-02
4.546000e+01 -1.464419e-02
4.548000e+01 -1.401757e-02
4.550000e+01 -1.120498e-02
4.552000e+01 -6.592561e-03
4.554000e+01 -1.359606e-03
4.556000e+01 3.626012e-03
4.558000e+01 6.879561e-03
4.560000e+01 1.081431e-02
4.562000e+01 1.361321e-02
4.564000e+01 1.699625e-02
4.566000e+01 2.147345e-02
4.568000e+01 2.468093e-02
4.570000e+01 2.204916e-02
4.572000e+01 1.953172e-02
4.574000e+01 1.582794e-02
4.576000e+01 1.184294e-02
4.578000e+01 1.011069e-02
4.580000e+01 9.686866e-03
4.582000e+01 9.271410e-03
4.584000e+01 9.357826e-03
4.586000e+01 7.593278e-03
4.588000e+01 6.415551e-03
4.590000e+01 5.778601e-03
4.592000e+01 6.375654e-03
4.594000e+01 6.166314e-03
4.596000e+01 6.810483e-03
4.598000e+01 4.712498e-03
4.600000e+01 -4.998155e-04
4.602000e+01 -5.075697e-03
4.604000e+01 -5.597642e-03
4.606000e+01 -6.452680e-03
4.608000e+01 -7.182362e-03
4.610000e+01 -7.146607e-03
4.612000e+01 -6.854115e-03
4.614000e+01 -6.906981e-03
4.616000e+01 -7.733599e-03
4.618000e+01 -9.154132e-03
4.620000e+01 -1.012488e-02
4.622000e+01 -1.154759e-02
4.624000e+01 -1.231110e-02
4.626000e+01 -1.031110e-02
4.628000e+01 -7.583371e-03
4.630000e+01 -5.125701e-03
4.632000e+01 -1.985678e-03
4.634000e+01 7.714691e-04
4.636000e+01 3.751427e-03
4.638000e+01 8.108064e-04
4.640000e+01 -3.140443e-03
4.642000e+01 -6.610940e-03
4.644000e+01 -1.034871e-02
4.646000e+01 -1.354795e-02
4.648000e+01 -1.529089e-02
4.650000e+01 -1.397978e-02
4.652000e+01 -1.303046e-02
4.654000e+01 -1.133000e-02
4.656000e+01 -9.665587e-03
4.658000e+01 -8.114157e-03
4.660000e+01 -6.872965e-03
4.662000e+01 -6.006321e-03
4.664000e+01 -5.523151e-03
4.666000e+01 -3.648716e-03
4.668000e+01 -1.456200e-03
4.670000e+01 2.215062e-05
4.672000e+01 1.918886e-03
4.674000e+01 2.137945e-03
4.676000e+01 1.429978e-03
4.678000e+01 1.505576e-03
4.680000e+01 1.255240e-03
4.682000e+01 2.825297e-03
4.684000e+01 5.674016e-03
4.686000e+01 8.559438e-03
4.688000e+01 1.202760e-02
4.690000e+01 1.510818e-02
4.692000e+01 1.662591e-02
4.694000e+01 1.819213e-02
4.696000e+01 1.945414e-02
4.698000e+01 2.045890e-02
4.700000e+01 2.131077e-02
4.702000e+01 2.070274e-02
4.704000e+01 2.016654e-02
4.706000e+01 1.909067e-02
4.708000e+01 1.767917e-02
4.710000e+01 1.579959e-02
4.712000e+01 1.373613e-02
4.714000e+01 1.100727e-02
4.716000e+01 8.425286e-03
4.718000e+01 5.556751e-03
4.720000e+01 3.075947e-03
4.722000e+01 8.108949e-04
4.724000e+01 -6.114674e-04
4.726000e+01 -2.149244e-03
4.728000e+01 -2.909948e-03
4.730000e+01 -3.574354e-03
4.732000e+01 -3.700557e-03
4.734000e+01 -3.412210e-03
4.736000e+01 -1.298154e-03
4.738000e+01 9.427607e-04
4.740000e+01 3.574563e-03
4.742000e+01 5.528902e-03
4.744000e+01 4.966139e-03
4.746000e+01 3.949657e-03
4.748000e+01 2.252743e-03
4.750000e+01 -6.396456e-05
4.752000e+01 -2.851619e-03
4.754000e+01 -4.402488e-03
4.756000e+01 -4.049724e-03
4.758000e+01 -3.532665e-03
4.760000e+01 -2.506214e-03
4.762000e+01 -1.602082e-04
4.764000e+01 2.881283e-03
4.766000e+01 5.653274e-03
4.768000e+01 7.366670e-03
4.770000e+01 7.759413e-03
4.772000e+01 9.057883e-03
4.774000e+01 1.182749e-02
4.776000e+01 1.406970e-02
4.778000e+01 1.730460e-02
4.780000e+01 1.594541e-02
4.782000e+01 1.252261e-02
4.784000e+01 1.007952e-02
4.786000e+01 6.409993e-03
4.788000e+01 3.457782e-03
4.790000e+01 -2.014584e-04
4.792000e+01 -3.356147e-03
4.794000e+01 -4.893941e-03
4.796000e+01 -6.252421e-03
4.798000e+01 -8.049794e-03
4.800000e+01 -1.078250e-02
4.802000e+01 -1.218452e-02
4.804000e+01 -1.167475e-02
4.806000e+01 -1.162083e-02
4.808000e+01 -1.139208e-02
4.810000e+01 -1.198291e-02
4.812000e+01 -1.315086e-02
4.814000e+01 -1.516468e-02
4.816000e+01 -1.733368e-02
4.818000e+01 -1.911514e-02
4.820000e+01 -2.074322e-02
4.822000e+01 -2.186034e-02
4.824000e+01 -2.254191e-02
4.826000e+01 -2.350525e-02
4.828000e+01 -2.367278e-02
4.830000e+01 -2.344740e-02
4.832000e+01 -2.269318e-02
4.834000e+01 -2.139907e-02
4.836000e+01 -1.812296e-02
4.838000e+01 -1.511942e-02
4.840000e+01 -1.147515e-02
4.842000e+01 -9.258508e-03
4.844000e+01 -7.766318e-03
4.846000e+01 -6.986134e-03
4.848000e+01 -6.945297e-03
4.850000e+01 -7.664494e-03
4.852000e+01 -8.838263e-03
4.854000e+01 -1.004116e-02
4.856000e+01 -9.897455e-03
4.858000e+01 -9.612380e-03
4.860000e+01 -8.165546e-03
4.862000e+01 -5.811795e-03
4.864000e+01 -2.394788e-03
4.866000e+01 8.769624e-04
4.868000e+01 4.271576e-03
4.870000e+01 7.058167e-03
4.872000e+01 8.583636e-03
4.874000e+01 7.020766e-03
4.876000e+01 5.493605e-03
4.878000e+01 3.325470e-03
4.880000e+01 1.366960e-03
4.882000e+01 1.897375e-03
4.884000e+01 3.871281e-03
4.886000e+01 5.409336e-03
4.888000e+01 5.217190e-03
4.890000e+01 4.851159e-03
4.892000e+01 3.856319e-03
4.894000e+01 2.416063e-03
4.896000e+01 6.875019e-04
4.898000e+01 -1.527784e-04
4.900000e+01 3.225729e-04
4.902000e+01 8.600214e-04
4.904000e+01 2.537466e-03
4.906000e+01 3.618056e-03
4.908000e+01 3.244370e-03
4.910000e+01 2.845433e-03
4.912000e+01 1.961579e-03
4.914000e+01 2.251540e-04
4.916000e+01 -2.149446e-04
4.918000e+01 -7.602281e-04
4.920000e+01 -1.790581e-03
4.922000e+01 -3.954649e-03
4.924000e+01 -6.102328e-03
4.926000e+01 -8.349244e-03
4.928000e+01 -9.654964e-03
4.930000e+01 -9.687671e-03
4.932000e+01 -8.998144e-03
4.934000e+01 -8.685995e-03
4.936000e+01 -9.231958e-03
4.938000e+01 -9.608870e-03
4.940000e+01 -9.776599e-03
4.942000e+01 -8.038396e-03
4.944000e+01 -6.580549e-03
4.946000e+01 -5.438355e-03
4.948000e+01 -4.318742e-03
4.950000e+01 -3.814172e-03
4.952000e+01 -3.269759e-03
4.954000e+01 -3.701926e-03
4.956000e+01 -3.644171e-03
4.958000e+01 -3.157492e-03
4.960000e+01 1.677206e-03
4.962000e+01 6.535158e-03
4.964000e+01 1.138628e-02
4.966000e+01 1.231842e-02
4.968000e+01 1.343328e-02
4.970000e+01 1.306796e-02
4.972000e+01 1.242769e-02
4.974000e+01 1.110325e-02
4.976000e+01 1.045260e-02
4.978000e+01 8.696214e-03
4.980000e+01 6.336129e-03
4.982000e+01 5.081934e-03
4.984000e+01 4.116943e-03
4.986000e+01 5.318617e-03
4.988000e+01 7.031174e-03
4.990000e+01 8.019636e-03
4.992000e+01 8.634231e-03
4.994000e+01 8.042559e-03
4.996000e+01 4.996271e-03
4.998000e+01 9.321030e-04
5.000000e+01 -2.289196e-03
5.002000e+01 -5.972671e-03
5.004000e+01 -6.777427e-03
5.006000e+01 -4.352780e-03
5.008000e+01 -1.910677e-03
5.010000e+01 9.461055e-04
5.012000e+01 1.997242e-03
5.014000e+01 1.630823e-03
5.016000e+01 9.924871e-04
5.018000e+01 -7.143175e-04
5.020000e+01 -2.257970e-03
5.022000e+01 -4.191248e-03
5.024000e+01 -5.889817e-03
5.026000e+01 -6.698950e-03
5.028000e+01 -6.854161e-03
5.030000e+01 -7.121622e-03
5.032000e+01 -6.718583e-03
5.034000e+01 -6.524184e-03
5.036000e+01 -5.839409e-03
5.038000e+01 -5.530923e-03
5.040000e+01 -4.359809e-03
5.042000e+01 -3.183022e-03
5.044000e+01 1.089692e-04
5.046000e+01 2.896349e-03
5.048000e+01 6.074536e-03
5.050000e+01 8.573670e-03
5.052000e+01 1.105221e-02
5.054000e+01 1.209343e-02
5.056000e+01 9.922165e-03
5.058000e+01 8.352887e-03
5.060000e+01 6.565596e-03
5.062000e+01 5.044072e-03
5.064000e+01 3.405647e-03
5.066000e+01 4.806164e-03
5.068000e+01 9.930930e-03
5.070000e+01 1.289655e-02
5.072000e+01 1.748609e-02
5.074000e+01 1.541887e-02
5.076000e+01 6.892576e-03
5.078000e+01 1.060849e-03
5.080000e+01 -7.653361e-03
5.082000e+01 -2.022399e-03
5.084000e+01 1.232719e-02
5.086000e+01 2.455315e-02
5.088000e+01 3.967685e-02
5.090000e+01 3.494579e-02
5.092000e+01 2.133002e-02
5.094000e+01 1.909250e-02
5.096000e+01 1.465699e-02
5.098000e+01 1.339694e-02
5.100000e+01 -1.081920e-04
5.102000e+01 -1.707113e-02
5.104000e+01 -3.494293e-02
5.106000e+01 -2.734652e-02
5.108000e+01 -5.434634e-03
5.110000e+01 1.215107e-02
5.112000e+01 1.207563e-02
5.114000e+01 5.196625e-03
5.116000e+01 -7.811908e-04
5.118000e+01 -1.059383e-02
5.120000e+01 -1.541906e-02
5.122000e+01 -5.640820e-03
5.124000e+01 2.520457e-03
5.126000e+01 8.017837e-03
5.128000e+01 9.997805e-04
5.130000e+01 -2.931563e-03
5.132000e+01 -1.245038e-03
5.134000e+01 2.540735e-03
5.136000e+01 2.480247e-03
5.138000e+01 7.455392e-04
5.140000e+01 -1.136758e-04
5.142000e+01 -1.827389e-04
5.144000e+01 9.676809e-05
5.146000e+01 -4.521408e-04
5.148000e+01 -7.367504e-04
5.150000e+01 -1.335440e-03
5.152000e+01 -9.821274e-04
5.154000e+01 -6.450755e-04
5.156000e+01 -3.301220e-04
5.158000e+01 -1.908962e-04
5.160000e+01 1.624882e-04
5.162000e+01 -5.939438e-05
5.164000e+01 -2.845777e-04
5.166000e+01 -2.921408e-04
5.168000e+01 4.694400e-05
5.170000e+01 1.894292e-04
5.172000e+01 2.710016e-04
5.174000e+01 2.030375e-04
5.176000e+01 1.061176e-04
5.178000e+01 -5.190812e-05
5.180000e+01 -8.834094e-05
5.182000e+01 -1.149043e-04
5.184000e+01 -3.702925e-05
5.186000e+01 4.480228e-06
5.188000e+01 7.793876e-05
5.190000e+01 5.840386e-05
5.192000e+01 2.716258e-05
5.194000e+01 -9.595992e-05
5.196000e+01 -2.062335e-04
5.198000e+01 -3.526650e-04
5.200000e+01 -4.296539e-04
5.202000e+01 -4.907390e-04
5.204000e+01 -4.590863e-04
5.206000e+01 -4.112843e-04
5.208000e+01 -2.992081e-04
5.210000e+01 -2.091202e-04
5.212000e+01 -9.928595e-05
5.214000e+01 -4.347395e-05
5.216000e+01 1.147513e-05
5.218000e+01 1.136428e-05
5.220000e+01 1.896924e-05
5.222000e+01 -9.753673e-06
5.224000e+01 -1.367970e-05
5.226000e+01 -3.712064e-05
5.228000e+01 -2.635298e-05
5.230000e+01 -2.793207e-05
5.232000e+01 6.029549e-06
5.234000e+01 2.861157e-05
5.236000e+01 8.324880e-05
5.238000e+01 1.220111e-04
5.240000e+01 1.827959e-04
5.242000e+01 2.159251e-04
5.244000e+01 2.556814e-04
5.246000e+01 2.551639e-04
5.248000e+01 2.520752e-04
5.250000e+01 2.091654e-04
5.252000e+01 1.722331e-04
5.254000e+01 1.134245e-04
5.256000e+01 8.118426e-05
5.258000e+01 4.699927e-05
5.260000e+01 5.053416e-05
5.262000e+01 5.297961e-05
5.264000e+01 8.103551e-05
5.266000e+01 8.818737e-05
5.268000e+01 9.744710e-05
5.270000e+01 6.757537e-05
5.272000e+01 3.094519e-05
5.274000e+01 -3.968956e-05
5.276000e+01 -1.007181e-04
5.278000e+01 -1.712951e-04
5.280000e+01 -2.081824e-04
5.282000e+01 -2.364037e-04
5.284000e+01 -2.248319e-04
5.286000e+01 -2.105370e-04
5.288000e+01 -1.731495e-04
5.290000e+01 -1.537936e-04
5.292000e+01 -1.307770e-04
5.294000e+01 -1.372634e-04
5.296000e+01 -1.418717e-04
5.298000e+01 -1.677033e-04
5.300000e+01 -1.779630e-04
5.302000e+01 -1.947092e-04
5.304000e+01 -1.860625e-04
5.306000e+01 -1.813057e-04
5.308000e+01 -1.568625e-04
5.310000e+01 -1.470137e-04
5.312000e+01 -1.295645e-04
5.314000e+01 -1.349352e-04
5.316000e+01 -1.345520e-04
5.318000e+01 -1.511203e-04
5.320000e+01 -1.508450e-04
5.322000e+01 -1.544899e-04
5.324000e+01 -1.312221e-04
5.326000e+01 -1.077434e-04
5.328000e+01 -6.100161e-05
5.330000e+01 -2.399112e-05
5.332000e+01 2.275470e-05
5.334000e+01 4.704405e-05
5.336000e+01 7.243829e-05
5.338000e+01 7.321374e-05
5.340000e+01 7.909680e-05
5.342000e+01 6.880381e-05
5.344000e+01 7.317907e-05
5.346000e+01 6.910696e-05
5.348000e+01 8.329577e-05
5.350000e+01 8.806994e-05
5.352000e+01 1.064944e-04
5.354000e+01 1.093806e-04
5.356000e+01 1.204478e-04
5.358000e+01 1.127583e-04
5.360000e+01 1.127081e-04
5.362000e+01 9.529911e-05
5.364000e+01 8.752346e-05
5.366000e+01 6.352930e-05
5.368000e+01 4.885959e-05
5.370000e+01 1.640397e-05
5.372000e+01 -8.173233e-06
5.374000e+01 -5.042668e-05
