# time(s) acc(g) matched GWM
0.000000e+00 -1.364312e-03
2.000000e-02 -1.195338e-02
4.000000e-02 -1.116269e-02
6.000000e-02 -9.745938e-03
8.000000e-02 -1.065475e-02
1.000000e-01 -1.367404e-02
1.200000e-01 -1.643874e-02
1.400000e-01 -1.522430e-02
1.600000e-01 -1.365226e-02
1.800000e-01 -1.138148e-02
2.000000e-01 -1.202219e-02
2.200000e-01 -1.793337e-02
2.400000e-01 -2.377661e-02
2.600000e-01 -2.657932e-02
2.800000e-01 -2.369942e-02
3.000000e-01 -2.232424e-02
3.200000e-01 -1.877916e-02
3.400000e-01 -1.616950e-02
3.600000e-01 -1.171905e-02
3.800000e-01 -1.418753e-02
4.000000e-01 -2.092065e-02
4.200000e-01 -2.656186e-02
4.400000e-01 -2.577138e-02
4.600000e-01 -9.160416e-03
4.800000e-01 4.025350e-03
5.000000e-01 1.927393e-02
5.200000e-01 7.686448e-04
5.400000e-01 -5.020652e-03
5.600000e-01 -3.669624e-03
5.800000e-01 -7.338910e-03
6.000000e-01 -1.113463e-02
6.200000e-01 -1.639281e-02
6.400000e-01 -1.291517e-02
6.600000e-01 2.612654e-03
6.800000e-01 -9.551507e-04
7.000000e-01 9.110740e-04
7.200000e-01 -2.482674e-03
7.400000e-01 3.905530e-03
7.600000e-01 8.508460e-03
7.800000e-01 1.578427e-02
8.000000e-01 1.783478e-02
8.200000e-01 1.147481e-02
8.400000e-01 1.269512e-02
8.600000e-01 1.910501e-02
8.800000e-01 1.522554e-02
9.000000e-01 1.072103e-03
9.200000e-01 -9.909280e-03
9.400000e-01 -2.196730e-02
9.600000e-01 -2.575235e-02
9.800000e-01 -1.112028e-02
1.000000e+00 2.654930e-03
1.020000e+00 2.408244e-02
1.040000e+00 4.681830e-02
1.060000e+00 6.968228e-02
1.080000e+00 7.439431e-02
1.100000e+00 8.292571e-02
1.120000e+00 7.498480e-02
1.140000e+00 8.880523e-02
1.160000e+00 6.299631e-02
1.180000e+00 7.671883e-03
1.200000e+00 -1.597089e-02
1.220000e+00 8.503252e-03
1.240000e+00 2.182352e-02
1.260000e+00 4.418564e-02
1.280000e+00 5.779259e-02
1.300000e+00 6.804709e-02
1.320000e+00 7.314249e-02
1.340000e+00 7.796451e-02
1.360000e+00 8.388548e-02
1.380000e+00 9.820253e-02
1.400000e+00 1.070136e-01
1.420000e+00 1.278852e-01
1.440000e+00 1.080318e-01
1.460000e+00 6.832425e-02
1.480000e+00 3.985463e-02
1.500000e+00 3.532154e-02
1.520000e+00 4.193445e-02
1.540000e+00 3.629447e-02
1.560000e+00 4.821796e-02
1.580000e+00 6.418671e-02
1.600000e+00 9.568733e-02
1.620000e+00 5.669397e-03
1.640000e+00 -1.849402e-01
1.660000e+00 -2.332119e-01
1.680000e+00 -2.023370e-01
1.700000e+00 -1.849959e-01
1.720000e+00 -1.444076e-01
1.740000e+00 -1.278149e-01
1.760000e+00 -1.378250e-01
1.780000e+00 -1.598287e-01
1.800000e+00 -1.982555e-01
1.820000e+00 -2.104400e-01
1.840000e+00 -2.017264e-01
1.860000e+00 -1.770245e-01
1.880000e+00 -1.252999e-01
1.900000e+00 -5.079213e-02
1.920000e+00 3.758823e-02
1.940000e+00 1.154056e-01
1.960000e+00 1.797534e-01
1.980000e+00 2.133065e-01
2.000000e+00 2.312748e-01
2.020000e+00 2.271631e-01
2.040000e+00 2.341473e-01
2.060000e+00 2.402829e-01
2.080000e+00 2.665634e-01
2.100000e+00 2.968722e-01
2.120000e+00 3.477347e-01
2.140000e+00 3.087156e-01
2.160000e+00 2.734599e-01
2.180000e+00 -1.170559e-01
2.200000e+00 -2.559489e-01
2.220000e+00 -1.890870e-01
2.240000e+00 -2.318741e-01
2.260000e+00 -1.548849e-01
2.280000e+00 -1.142106e-01
2.300000e+00 -3.531790e-02
2.320000e+00 1.832785e-02
2.340000e+00 8.873084e-02
2.360000e+00 1.477315e-01
2.380000e+00 1.900408e-01
2.400000e+00 2.534056e-01
2.420000e+00 1.105486e-01
2.440000e+00 -2.650530e-01
2.460000e+00 -1.565817e-01
2.480000e+00 -1.892531e-01
2.500000e+00 -1.188573e-01
2.520000e+00 -8.099300e-02
2.540000e+00 -3.367222e-04
2.560000e+00 -1.147506e-01
2.580000e+00 -2.728492e-01
2.600000e+00 -2.395337e-01
2.620000e+00 -2.430969e-01
2.640000e+00 -2.095070e-01
2.660000e+00 -1.654542e-01
2.680000e+00 -1.213611e-01
2.700000e+00 -7.699695e-02
2.720000e+00 -4.015415e-02
2.740000e+00 -7.107469e-03
2.760000e+00 1.733017e-02
2.780000e+00 3.877228e-02
2.800000e+00 1.103875e-03
2.820000e+00 -4.150907e-02
2.840000e+00 -8.939999e-02
2.860000e+00 -1.021357e-01
2.880000e+00 -7.434989e-02
2.900000e+00 -5.993507e-02
2.920000e+00 -2.973940e-02
2.940000e+00 -5.285778e-03
2.960000e+00 2.559071e-02
2.980000e+00 4.930330e-02
3.000000e+00 7.509917e-02
3.020000e+00 -1.420101e-02
3.040000e+00 -4.666326e-02
3.060000e+00 -9.600408e-03
3.080000e+00 -3.597996e-03
3.100000e+00 3.473414e-02
3.120000e+00 6.056957e-02
3.140000e+00 9.732615e-02
3.160000e+00 1.258778e-01
3.180000e+00 1.522828e-01
3.200000e+00 2.344886e-02
3.220000e+00 2.595580e-02
3.240000e+00 7.584601e-02
3.260000e+00 7.638100e-02
3.280000e+00 1.475778e-01
3.300000e+00 1.508379e-01
3.320000e+00 2.287722e-01
3.340000e+00 -1.072026e-01
3.360000e+00 -1.500123e-01
3.380000e+00 -8.000206e-02
3.400000e+00 -6.327166e-02
3.420000e+00 6.927731e-03
3.440000e+00 7.552881e-02
3.460000e+00 -1.212805e-01
3.480000e+00 -1.681895e-01
3.500000e+00 -1.200674e-01
3.520000e+00 -1.296059e-01
3.540000e+00 -8.400687e-02
3.560000e+00 -6.056200e-02
3.580000e+00 -2.134474e-02
3.600000e+00 -1.120004e-02
3.620000e+00 -7.338279e-02
3.640000e+00 -3.436681e-02
3.660000e+00 -3.676185e-02
3.680000e+00 -1.226062e-02
3.700000e+00 3.984188e-04
3.720000e+00 3.047503e-02
3.740000e+00 4.993860e-02
3.760000e+00 6.166186e-02
3.780000e+00 1.641355e-02
3.800000e+00 -1.347173e-02
3.820000e+00 -3.809974e-02
3.840000e+00 -1.455229e-03
3.860000e+00 1.481540e-02
3.880000e+00 5.722633e-02
3.900000e+00 8.932572e-02
3.920000e+00 1.364243e-01
3.940000e+00 1.711629e-01
3.960000e+00 2.049998e-01
3.980000e+00 6.015562e-02
4.000000e+00 1.959957e-02
4.020000e+00 4.844501e-02
4.040000e+00 5.383555e-02
4.060000e+00 1.445567e-02
4.080000e+00 2.276727e-03
4.100000e+00 3.151603e-02
4.120000e+00 3.343785e-02
4.140000e+00 6.000547e-02
4.160000e+00 6.902489e-02
4.180000e+00 9.644384e-02
4.200000e+00 1.084066e-01
4.220000e+00 1.379095e-01
4.240000e+00 1.531218e-01
4.260000e+00 1.862318e-01
4.280000e+00 1.754264e-01
4.300000e+00 1.909988e-01
4.320000e+00 1.718554e-01
4.340000e+00 1.199983e-01
4.360000e+00 -1.493576e-01
4.380000e+00 -6.379524e-02
4.400000e+00 -3.545894e-02
4.420000e+00 -1.712612e-02
4.440000e+00 -9.973821e-02
4.460000e+00 -1.538773e-01
4.480000e+00 -2.399376e-01
4.500000e+00 -1.898057e-01
4.520000e+00 -1.698298e-01
4.540000e+00 -1.154298e-01
4.560000e+00 -8.164347e-02
4.580000e+00 -1.870570e-02
4.600000e+00 2.538003e-02
4.620000e+00 8.976655e-02
4.640000e+00 1.367296e-01
4.660000e+00 1.844582e-01
4.680000e+00 -3.483908e-02
4.700000e+00 -5.199184e-02
4.720000e+00 -2.657589e-03
4.740000e+00 1.629075e-02
4.760000e+00 7.997527e-02
4.780000e+00 1.345329e-01
4.800000e+00 1.898394e-01
4.820000e+00 2.664182e-01
4.840000e+00 1.872145e-01
4.860000e+00 -1.524333e-01
4.880000e+00 -1.027825e-01
4.900000e+00 -1.078643e-01
4.920000e+00 -8.361191e-02
4.940000e+00 -3.230125e-02
4.960000e+00 -1.205756e-01
4.980000e+00 -2.193581e-01
5.000000e+00 -1.667805e-01
5.020000e+00 -1.784569e-01
5.040000e+00 -1.397828e-01
5.060000e+00 -1.215978e-01
5.080000e+00 -8.769393e-02
5.100000e+00 -6.162896e-02
5.120000e+00 -6.839831e-02
5.140000e+00 -1.446209e-01
5.160000e+00 -1.468760e-01
5.180000e+00 -1.414667e-01
5.200000e+00 -1.398083e-01
5.220000e+00 -8.970319e-02
5.240000e+00 -6.879257e-02
5.260000e+00 1.997140e-03
5.280000e+00 -9.428251e-02
5.300000e+00 -1.859148e-01
5.320000e+00 -9.719140e-02
5.340000e+00 -1.074934e-01
5.360000e+00 -4.272862e-02
5.380000e+00 -1.405710e-02
5.400000e+00 3.881532e-02
5.420000e+00 7.590856e-02
5.440000e+00 1.013573e-01
5.460000e+00 5.518921e-02
5.480000e+00 2.363809e-02
5.500000e+00 -2.391774e-03
5.520000e+00 3.312443e-02
5.540000e+00 4.994191e-02
5.560000e+00 8.800102e-02
5.580000e+00 1.154256e-01
5.600000e+00 1.514380e-01
5.620000e+00 1.807633e-01
5.640000e+00 2.090394e-01
5.660000e+00 1.435247e-01
5.680000e+00 7.126709e-02
5.700000e+00 2.209920e-02
5.720000e+00 3.467618e-02
5.740000e+00 4.147871e-02
5.760000e+00 5.550118e-02
5.780000e+00 2.608022e-02
5.800000e+00 -9.923661e-03
5.820000e+00 -1.937870e-02
5.840000e+00 -1.313756e-02
5.860000e+00 -2.624983e-02
5.880000e+00 -2.840683e-02
5.900000e+00 -1.813416e-02
5.920000e+00 -8.205363e-03
5.940000e+00 1.619580e-02
5.960000e+00 4.240740e-02
5.980000e+00 6.500350e-02
6.000000e+00 2.835186e-02
6.020000e+00 -5.129490e-03
6.040000e+00 -4.889670e-02
6.060000e+00 -1.554285e-02
6.080000e+00 1.023778e-02
6.100000e+00 2.550446e-02
6.120000e+00 -1.508683e-02
6.140000e+00 -6.150272e-03
6.160000e+00 8.553382e-03
6.180000e+00 2.325691e-02
6.200000e+00 4.248308e-02
6.220000e+00 5.718574e-02
6.240000e+00 1.727236e-02
6.260000e+00 -4.097136e-03
6.280000e+00 -1.302875e-02
6.300000e+00 8.903486e-05
6.320000e+00 8.118164e-03
6.340000e+00 3.482661e-03
6.360000e+00 -1.121666e-02
6.380000e+00 -4.544729e-03
6.400000e+00 -2.282738e-03
6.420000e+00 3.823857e-03
6.440000e+00 9.138969e-03
6.460000e+00 -6.804082e-03
6.480000e+00 -3.484618e-02
6.500000e+00 -4.807532e-02
6.520000e+00 -2.806022e-02
6.540000e+00 -2.715487e-02
6.560000e+00 -2.048264e-02
6.580000e+00 -1.505424e-02
6.600000e+00 -2.502076e-03
6.620000e+00 2.248840e-02
6.640000e+00 -1.267734e-02
6.660000e+00 -1.075428e-02
6.680000e+00 -4.308210e-03
6.700000e+00 -1.244889e-02
6.720000e+00 -1.301352e-02
6.740000e+00 -1.165585e-02
6.760000e+00 -6.867690e-04
6.780000e+00 7.794652e-03
6.800000e+00 2.611365e-02
6.820000e+00 3.968347e-02
6.840000e+00 7.926068e-02
6.860000e+00 8.762902e-02
6.880000e+00 2.034978e-02
6.900000e+00 -3.019426e-02
6.920000e+00 -1.447600e-02
6.940000e+00 -5.203059e-03
6.960000e+00 1.752588e-02
6.980000e+00 4.975238e-03
7.000000e+00 -2.521520e-02
7.020000e+00 -5.325721e-02
7.040000e+00 -4.884651e-02
7.060000e+00 -2.487374e-02
7.080000e+00 -5.310917e-03
7.100000e+00 1.753110e-02
7.120000e+00 3.573701e-02
7.140000e+00 4.693224e-02
7.160000e+00 1.346261e-02
7.180000e+00 -1.853705e-02
7.200000e+00 -2.351163e-02
7.220000e+00 -9.715668e-03
7.240000e+00 -2.373630e-02
7.260000e+00 -1.593335e-02
7.280000e+00 -6.660407e-03
7.300000e+00 5.552498e-03
7.320000e+00 1.471236e-02
7.340000e+00 2.963908e-02
7.360000e+00 2.579525e-02
7.380000e+00 8.495416e-03
7.400000e+00 -1.341424e-03
7.420000e+00 2.217904e-02
7.440000e+00 4.875254e-02
7.460000e+00 5.519859e-02
7.480000e+00 2.116357e-02
7.500000e+00 9.969815e-03
7.520000e+00 -2.920068e-03
7.540000e+00 -2.806258e-03
7.560000e+00 5.448994e-03
7.580000e+00 1.008583e-02
7.600000e+00 2.840481e-02
7.620000e+00 4.118308e-02
7.640000e+00 5.893668e-02
7.660000e+00 6.074662e-02
7.680000e+00 4.763059e-02
7.700000e+00 4.457827e-02
7.720000e+00 6.278418e-02
7.740000e+00 8.506080e-02
7.760000e+00 4.084897e-02
7.780000e+00 4.605118e-02
7.800000e+00 1.065924e-02
7.820000e+00 -2.348886e-02
7.840000e+00 -2.857653e-02
7.860000e+00 -4.621560e-02
7.880000e+00 -4.711948e-02
7.900000e+00 -5.367714e-02
7.920000e+00 -4.937954e-02
7.940000e+00 -5.220570e-02
7.960000e+00 -6.861663e-03
7.980000e+00 1.971183e-02
8.000000e+00 -2.393463e-02
8.020000e+00 -5.604738e-02
8.040000e+00 -6.034353e-02
8.060000e+00 -4.134610e-02
8.080000e+00 -4.620763e-02
8.100000e+00 -3.523857e-02
8.120000e+00 -3.614246e-02
8.140000e+00 -3.037488e-02
8.160000e+00 -3.037416e-02
8.180000e+00 -3.082574e-02
8.200000e+00 -3.941877e-02
8.220000e+00 -3.534733e-02
8.240000e+00 -2.494365e-02
8.260000e+00 -9.225426e-03
8.280000e+00 9.432766e-03
8.300000e+00 3.137015e-02
8.320000e+00 3.465006e-02
8.340000e+00 4.007840e-02
8.360000e+00 3.815683e-02
8.380000e+00 4.007984e-02
8.400000e+00 3.205219e-02
8.420000e+00 3.408826e-02
8.440000e+00 1.226539e-02
8.460000e+00 2.379981e-02
8.480000e+00 1.498063e-02
8.500000e+00 4.302409e-02
8.520000e+00 -9.775432e-02
8.540000e+00 -1.530476e-01
8.560000e+00 -1.519161e-01
8.580000e+00 -1.530462e-01
8.600000e+00 -1.349533e-01
8.620000e+00 -1.179913e-01
8.640000e+00 -9.413163e-02
8.660000e+00 -7.400346e-02
8.680000e+00 -5.059611e-02
8.700000e+00 -2.956333e-02
8.720000e+00 -7.173657e-03
8.740000e+00 -1.067829e-02
8.760000e+00 -2.096747e-02
8.780000e+00 -1.700911e-02
8.800000e+00 9.225135e-03
8.820000e+00 1.804574e-02
8.840000e+00 5.268902e-03
8.860000e+00 2.946779e-02
8.880000e+00 6.542653e-02
8.900000e+00 9.765378e-02
8.920000e+00 1.353087e-01
8.940000e+00 1.918472e-01
8.960000e+00 1.251333e-01
8.980000e+00 -1.247631e-01
9.000000e+00 -4.176491e-02
9.020000e+00 -5.069719e-02
9.040000e+00 -2.706368e-02
9.060000e+00 -1.089297e-01
9.080000e+00 -7.455403e-02
9.100000e+00 -6.788187e-02
9.120000e+00 -7.613569e-02
9.140000e+00 -6.279207e-02
9.160000e+00 -3.426682e-03
9.180000e+00 4.236963e-02
9.200000e+00 1.206187e-01
9.220000e+00 1.884647e-01
9.240000e+00 1.067117e-01
9.260000e+00 4.576469e-02
9.280000e+00 7.505197e-02
9.300000e+00 1.455722e-02
9.320000e+00 -1.111024e-02
9.340000e+00 -5.916668e-02
9.360000e+00 -9.388019e-02
9.380000e+00 -1.304029e-01
9.400000e+00 -1.304022e-01
9.420000e+00 -9.116430e-02
9.440000e+00 -4.208880e-02
9.460000e+00 2.915987e-03
9.480000e+00 6.126369e-02
9.500000e+00 1.330674e-01
9.520000e+00 1.816906e-01
9.540000e+00 -3.089085e-02
9.560000e+00 3.484822e-03
9.580000e+00 -6.691292e-03
9.600000e+00 1.903143e-03
9.620000e+00 1.615136e-02
9.640000e+00 6.036461e-02
9.660000e+00 8.987803e-02
9.680000e+00 -2.353611e-02
9.700000e+00 -6.706953e-02
9.720000e+00 -1.946402e-02
9.740000e+00 -2.014178e-02
9.760000e+00 -3.518984e-03
9.780000e+00 8.015413e-03
9.800000e+00 4.284338e-02
9.820000e+00 6.376306e-02
9.840000e+00 8.479580e-02
9.860000e+00 9.022411e-02
9.880000e+00 6.659200e-02
9.900000e+00 3.402691e-02
9.920000e+00 2.253345e-03
9.940000e+00 6.890127e-03
9.960000e+00 -4.625472e-02
9.980000e+00 -5.134244e-02
1.000000e+01 -9.277640e-03
1.002000e+01 1.865271e-02
1.004000e+01 6.377056e-02
1.006000e+01 1.017340e-02
1.008000e+01 -6.561106e-03
1.010000e+01 4.634058e-03
1.012000e+01 -1.424889e-02
1.014000e+01 -3.222723e-02
1.016000e+01 -4.975327e-02
1.018000e+01 -4.014117e-02
1.020000e+01 -2.917216e-02
1.022000e+01 -1.288860e-02
1.024000e+01 2.284397e-02
1.026000e+01 5.835038e-02
1.028000e+01 9.623139e-02
1.030000e+01 1.285717e-01
1.032000e+01 8.255059e-02
1.034000e+01 2.646576e-02
1.036000e+01 -4.194430e-02
1.038000e+01 -3.097530e-02
1.040000e+01 -2.486854e-02
1.042000e+01 -9.904547e-02
1.044000e+01 -1.103524e-01
1.046000e+01 -6.693065e-02
1.048000e+01 -3.832185e-02
1.050000e+01 8.379038e-03
1.052000e+01 2.895947e-02
1.054000e+01 5.711596e-02
1.056000e+01 4.049451e-02
1.058000e+01 8.834017e-03
1.060000e+01 -6.656672e-03
1.062000e+01 -2.395657e-02
1.064000e+01 -3.616807e-02
1.066000e+01 -2.723443e-02
1.068000e+01 -4.283820e-02
1.070000e+01 -6.251269e-02
1.072000e+01 -8.196102e-02
1.074000e+01 -9.111949e-02
1.076000e+01 -5.945765e-02
1.078000e+01 -3.876415e-02
1.080000e+01 -1.561614e-03
1.082000e+01 7.032795e-03
1.084000e+01 -4.500254e-03
1.086000e+01 -8.811723e-04
1.088000e+01 -1.931183e-02
1.090000e+01 -4.667547e-02
1.092000e+01 -9.359858e-03
1.094000e+01 8.619823e-03
1.096000e+01 4.197779e-02
1.098000e+01 6.922967e-02
1.100000e+01 7.488410e-02
1.102000e+01 2.841069e-02
1.104000e+01 -6.755161e-03
1.106000e+01 -5.390703e-02
1.108000e+01 -4.056345e-02
1.110000e+01 -2.778525e-02
1.112000e+01 -5.734852e-03
1.114000e+01 1.394096e-02
1.116000e+01 4.254974e-02
1.118000e+01 2.694597e-02
1.120000e+01 -2.597276e-02
1.122000e+01 -4.870030e-02
1.124000e+01 -7.708163e-02
1.126000e+01 -7.504561e-02
1.128000e+01 -6.701659e-02
1.130000e+01 -5.830911e-02
1.132000e+01 -4.643552e-02
1.134000e+01 -3.524039e-02
1.136000e+01 -3.037748e-02
1.138000e+01 -6.147262e-02
1.140000e+01 -7.130955e-02
1.142000e+01 -1.029701e-01
1.144000e+01 -1.258107e-01
1.146000e+01 -9.991573e-02
1.148000e+01 -8.736369e-02
1.150000e+01 -6.610483e-02
1.152000e+01 -5.377894e-02
1.154000e+01 -3.794770e-02
1.156000e+01 -2.279493e-02
1.158000e+01 1.969275e-03
1.160000e+01 2.356736e-02
1.162000e+01 4.855772e-02
1.164000e+01 6.902504e-02
1.166000e+01 8.643933e-02
1.168000e+01 1.052105e-01
1.170000e+01 1.207025e-01
1.172000e+01 1.274877e-01
1.174000e+01 1.342729e-01
1.176000e+01 1.410581e-01
1.178000e+01 1.501048e-01
1.180000e+01 1.795050e-01
1.182000e+01 2.032516e-01
1.184000e+01 2.303904e-01
1.186000e+01 1.399305e-01
1.188000e+01 4.969683e-02
1.190000e+01 -1.611253e-02
1.192000e+01 -7.558965e-02
1.194000e+01 -6.303763e-02
1.196000e+01 -7.864142e-02
1.198000e+01 -1.115458e-01
1.200000e+01 -1.416233e-01
1.202000e+01 -1.337073e-01
1.204000e+01 -1.190069e-01
1.206000e+01 -1.043064e-01
1.208000e+01 -8.429138e-02
1.210000e+01 -9.175373e-02
1.212000e+01 -9.638920e-02
1.214000e+01 -9.751932e-02
1.216000e+01 -9.785791e-02
1.218000e+01 -9.898804e-02
1.220000e+01 -9.842202e-02
1.222000e+01 -1.003437e-01
1.224000e+01 -6.099273e-02
1.226000e+01 5.609429e-03
1.228000e+01 2.404138e-02
1.230000e+01 2.743428e-02
1.232000e+01 6.531524e-02
1.234000e+01 3.523776e-02
1.236000e+01 2.641849e-02
1.238000e+01 5.457495e-02
1.240000e+01 6.633544e-02
1.242000e+01 5.909923e-02
1.244000e+01 3.987701e-02
1.246000e+01 2.201169e-02
1.248000e+01 2.223847e-02
1.250000e+01 5.537025e-02
1.252000e+01 3.852261e-02
1.254000e+01 3.230407e-02
1.256000e+01 4.858759e-02
1.258000e+01 2.676462e-02
1.260000e+01 9.690831e-03
1.262000e+01 8.447623e-03
1.264000e+01 -1.699376e-02
1.266000e+01 -8.964772e-03
1.268000e+01 -2.405764e-03
1.270000e+01 8.223965e-03
1.272000e+01 4.719244e-03
1.274000e+01 -1.665142e-02
1.276000e+01 -3.598673e-02
1.278000e+01 -2.750544e-02
1.280000e+01 -3.419715e-03
1.282000e+01 2.032678e-02
1.284000e+01 4.791785e-02
1.286000e+01 4.938845e-02
1.288000e+01 5.764359e-02
1.290000e+01 5.244273e-02
1.292000e+01 5.391333e-02
1.294000e+01 2.157432e-02
1.296000e+01 2.485413e-02
1.298000e+01 3.073468e-02
1.300000e+01 4.419129e-02
1.302000e+01 5.674330e-02
1.304000e+01 6.499844e-02
1.306000e+01 6.624288e-02
1.308000e+01 9.270318e-02
1.310000e+01 8.987691e-02
1.312000e+01 1.070650e-01
1.314000e+01 3.876797e-02
1.316000e+01 4.845898e-03
1.318000e+01 -1.415019e-02
1.320000e+01 -3.947852e-02
1.322000e+01 -4.841087e-02
1.324000e+01 -4.727951e-02
1.326000e+01 -3.133524e-02
1.328000e+01 -3.076925e-02
1.330000e+01 8.129367e-03
1.332000e+01 4.815874e-02
1.334000e+01 -2.635747e-02
1.336000e+01 -4.399666e-02
1.338000e+01 -9.621069e-03
1.340000e+01 1.548232e-02
1.342000e+01 5.008406e-02
1.344000e+01 2.819069e-03
1.346000e+01 -7.904706e-02
1.348000e+01 -9.024094e-02
1.350000e+01 -2.861413e-02
1.352000e+01 -1.549676e-02
1.354000e+01 8.702026e-03
1.356000e+01 -1.323404e-02
1.358000e+01 -2.861172e-02
1.360000e+01 -3.788331e-02
1.362000e+01 -3.064587e-02
1.364000e+01 -3.426369e-02
1.366000e+01 -2.284245e-02
1.368000e+01 -7.802792e-03
1.370000e+01 -4.522999e-03
1.372000e+01 1.164741e-02
1.374000e+01 3.324545e-02
1.376000e+01 3.867368e-02
1.378000e+01 1.079896e-01
1.380000e+01 1.013188e-01
1.382000e+01 2.001800e-02
1.384000e+01 -4.115530e-02
1.386000e+01 -1.126185e-01
1.388000e+01 -9.147274e-02
1.390000e+01 -8.434839e-02
1.392000e+01 -6.116729e-02
1.394000e+01 -3.753390e-02
1.396000e+01 -1.469203e-02
1.398000e+01 3.287586e-03
1.400000e+01 1.651803e-02
1.402000e+01 5.722583e-02
1.404000e+01 -2.703639e-03
1.406000e+01 -5.550935e-02
1.408000e+01 -4.069585e-02
1.410000e+01 -7.834944e-02
1.412000e+01 -5.856061e-02
1.414000e+01 -4.216406e-02
1.416000e+01 9.738230e-03
1.418000e+01 7.125195e-02
1.420000e+01 9.488534e-02
1.422000e+01 1.445261e-01
1.424000e+01 1.569650e-01
1.426000e+01 1.343505e-01
1.428000e+01 8.471089e-02
1.430000e+01 2.523371e-02
1.432000e+01 -1.015836e-02
1.434000e+01 -2.587529e-02
1.436000e+01 8.161058e-03
1.438000e+01 2.026073e-02
1.440000e+01 6.130776e-02
1.442000e+01 4.491239e-02
1.444000e+01 4.884208e-03
1.446000e+01 -9.475808e-03
1.448000e+01 -2.112201e-02
1.450000e+01 -2.463953e-03
1.452000e+01 4.765956e-04
1.454000e+01 -1.343112e-02
1.456000e+01 -2.394657e-02
1.458000e+01 -3.446202e-02
1.460000e+01 -5.809424e-02
1.462000e+01 -8.240491e-02
1.464000e+01 -6.566914e-02
1.466000e+01 -3.027590e-02
1.468000e+01 -2.032466e-02
1.470000e+01 4.326396e-03
1.472000e+01 1.088536e-02
1.474000e+01 1.529589e-02
1.476000e+01 2.479482e-02
1.478000e+01 4.921972e-02
1.480000e+01 1.009614e-02
1.482000e+01 -6.215859e-02
1.484000e+01 -6.294954e-02
1.486000e+01 -2.766938e-02
1.488000e+01 -9.350557e-03
1.490000e+01 2.807804e-02
1.492000e+01 4.617071e-02
1.494000e+01 2.039005e-02
1.496000e+01 -3.242177e-03
1.498000e+01 -2.766593e-02
1.500000e+01 -1.884124e-03
1.502000e+01 2.774226e-02
1.504000e+01 5.431560e-02
1.506000e+01 8.835192e-02
1.508000e+01 7.014732e-02
1.510000e+01 3.724289e-02
1.512000e+01 -1.767620e-03
1.514000e+01 -2.223373e-02
1.516000e+01 -2.811310e-02
1.518000e+01 -2.415488e-02
1.520000e+01 -1.262060e-02
1.522000e+01 5.472064e-03
1.524000e+01 2.707007e-02
1.526000e+01 -4.025152e-03
1.528000e+01 -2.460435e-02
1.530000e+01 -5.343805e-02
1.532000e+01 -4.122532e-02
1.534000e+01 -2.222806e-02
1.536000e+01 -2.213112e-03
1.538000e+01 1.904566e-02
1.540000e+01 -9.222671e-03
1.542000e+01 3.893190e-04
1.544000e+01 2.583189e-02
1.546000e+01 4.211534e-02
1.548000e+01 6.778406e-02
1.550000e+01 5.817320e-02
1.552000e+01 4.867541e-02
1.554000e+01 3.872532e-02
1.556000e+01 5.693105e-02
1.558000e+01 7.366681e-02
1.560000e+01 7.705963e-02
1.562000e+01 1.927856e-02
1.564000e+01 -1.939274e-02
1.566000e+01 -5.976017e-02
1.568000e+01 -7.525097e-02
1.570000e+01 -4.392847e-02
1.572000e+01 -2.527044e-02
1.574000e+01 -3.898592e-03
1.576000e+01 1.328946e-02
1.578000e+01 -1.463966e-02
1.580000e+01 -3.985496e-02
1.582000e+01 -5.828573e-02
1.584000e+01 -3.804465e-02
1.586000e+01 -2.481424e-02
1.588000e+01 -1.520118e-03
1.590000e+01 1.589408e-02
1.592000e+01 7.753188e-03
1.594000e+01 -7.285315e-03
1.596000e+01 -1.373007e-02
1.598000e+01 -3.657079e-02
1.600000e+01 -3.928405e-02
1.602000e+01 -1.044923e-02
1.604000e+01 8.095723e-03
1.606000e+01 3.478211e-02
1.608000e+01 5.321399e-02
1.610000e+01 6.802744e-02
1.612000e+01 6.497495e-02
1.614000e+01 3.715890e-02
1.616000e+01 -8.410021e-03
1.618000e+01 -8.801469e-02
1.620000e+01 -6.890437e-02
1.622000e+01 -4.968097e-02
1.624000e+01 -2.378612e-02
1.626000e+01 3.352574e-03
1.628000e+01 3.942424e-02
1.630000e+01 3.297947e-02
1.632000e+01 1.353101e-02
1.634000e+01 3.806896e-02
1.636000e+01 3.569492e-02
1.638000e+01 2.857170e-02
1.640000e+01 2.314461e-02
1.642000e+01 2.224055e-02
1.644000e+01 1.952728e-02
1.646000e+01 2.227250e-03
1.648000e+01 -1.642968e-02
1.650000e+01 -3.893119e-02
1.652000e+01 -3.847835e-02
1.654000e+01 -1.654114e-02
1.656000e+01 -3.310754e-03
1.658000e+01 1.907875e-02
1.660000e+01 -1.099882e-02
1.662000e+01 -2.897730e-02
1.664000e+01 -3.169058e-02
1.666000e+01 -4.401528e-02
1.668000e+01 -2.750571e-02
1.670000e+01 -2.445213e-02
1.672000e+01 -2.072010e-02
1.674000e+01 -1.981496e-02
1.676000e+01 -4.436142e-03
1.678000e+01 -3.191776e-03
1.680000e+01 -2.105719e-02
1.682000e+01 -1.404597e-02
1.684000e+01 9.700443e-03
1.686000e+01 3.864833e-02
1.688000e+01 7.845147e-02
1.690000e+01 1.027633e-01
1.692000e+01 9.631848e-02
1.694000e+01 8.580298e-02
1.696000e+01 5.787384e-02
1.698000e+01 2.089865e-02
1.700000e+01 1.563249e-03
1.702000e+01 -2.161672e-02
1.704000e+01 -1.720624e-02
1.706000e+01 -8.385818e-03
1.708000e+01 2.243817e-03
1.710000e+01 1.445651e-02
1.712000e+01 2.418154e-02
1.714000e+01 2.584625e-03
1.716000e+01 -1.415004e-02
1.718000e+01 -3.733001e-02
1.720000e+01 -5.881385e-02
1.722000e+01 -8.018462e-02
1.724000e+01 -6.559734e-02
1.726000e+01 -5.236697e-02
1.728000e+01 -3.483973e-02
1.730000e+01 -1.652095e-02
1.732000e+01 -1.142150e-03
1.734000e+01 -2.047756e-02
1.736000e+01 -3.608147e-02
1.738000e+01 -5.270306e-02
1.740000e+01 -4.433494e-02
1.742000e+01 -3.913294e-02
1.744000e+01 -3.585323e-02
1.746000e+01 -4.930871e-02
1.748000e+01 -5.564042e-02
1.750000e+01 -5.383069e-02
1.752000e+01 -4.761102e-02
1.754000e+01 -4.093904e-02
1.756000e+01 -3.144017e-02
1.758000e+01 -2.929122e-02
1.760000e+01 -1.583470e-02
1.762000e+01 -7.805822e-03
1.764000e+01 5.721317e-02
1.766000e+01 8.152493e-02
1.768000e+01 9.916525e-02
1.770000e+01 8.831050e-02
1.772000e+01 8.638873e-02
1.774000e+01 4.952660e-02
1.776000e+01 8.932969e-03
1.778000e+01 1.357416e-03
1.780000e+01 -1.435958e-02
1.782000e+01 -1.807676e-03
1.784000e+01 3.281237e-03
1.786000e+01 1.164934e-02
1.788000e+01 1.164985e-02
1.790000e+01 2.171409e-02
1.792000e+01 2.307151e-02
1.794000e+01 8.259115e-03
1.796000e+01 -6.440204e-03
1.798000e+01 -8.248905e-03
1.800000e+01 7.808338e-03
1.802000e+01 1.187957e-02
1.804000e+01 1.651617e-02
1.806000e+01 -1.123113e-03
1.808000e+01 -1.808395e-02
1.810000e+01 -2.124956e-02
1.812000e+01 -8.954445e-04
1.814000e+01 1.742331e-02
1.816000e+01 1.177003e-02
1.818000e+01 -1.310610e-02
1.820000e+01 -3.425073e-02
1.822000e+01 -3.504176e-02
1.824000e+01 -1.084307e-02
1.826000e+01 -6.658774e-03
1.828000e+01 3.524150e-04
1.830000e+01 2.162126e-03
1.832000e+01 5.554895e-03
1.834000e+01 6.346925e-03
1.836000e+01 1.087045e-02
1.838000e+01 1.505475e-02
1.840000e+01 1.991750e-02
1.842000e+01 2.455409e-02
1.844000e+01 2.941684e-02
1.846000e+01 3.405344e-02
1.848000e+01 3.902926e-02
1.850000e+01 4.355279e-02
1.852000e+01 5.350394e-02
1.854000e+01 4.434531e-02
1.856000e+01 2.681909e-02
1.858000e+01 1.291128e-02
1.860000e+01 -9.024887e-03
1.862000e+01 -1.411279e-02
1.864000e+01 6.015157e-03
1.866000e+01 2.962609e-03
1.868000e+01 -2.835884e-02
1.870000e+01 -6.409023e-02
1.872000e+01 -7.132658e-02
1.874000e+01 -6.691614e-02
1.876000e+01 -4.678819e-02
1.878000e+01 -7.776620e-03
1.880000e+01 3.066958e-02
1.882000e+01 3.123544e-02
1.884000e+01 -2.460595e-03
1.886000e+01 -6.870054e-03
1.888000e+01 -1.252335e-02
1.890000e+01 -2.507425e-02
1.892000e+01 -4.712350e-02
1.894000e+01 -5.876980e-02
1.896000e+01 -2.518586e-02
1.898000e+01 3.309677e-03
1.900000e+01 8.850868e-03
1.902000e+01 1.563589e-02
1.904000e+01 1.925480e-02
1.906000e+01 2.852748e-02
1.908000e+01 3.644325e-02
1.910000e+01 4.413288e-02
1.912000e+01 1.846520e-02
1.914000e+01 -1.545699e-02
1.916000e+01 -3.660165e-02
1.918000e+01 -3.298275e-02
1.920000e+01 -3.252996e-02
1.922000e+01 -3.445177e-02
1.924000e+01 -3.840893e-02
1.926000e+01 -2.777934e-02
1.928000e+01 -8.669086e-03
1.930000e+01 1.405959e-02
1.932000e+01 4.244204e-02
1.934000e+01 4.538249e-02
1.936000e+01 2.763010e-02
1.938000e+01 1.756685e-02
1.940000e+01 -4.595491e-03
1.942000e+01 -1.737256e-02
1.944000e+01 -3.275036e-02
1.946000e+01 -3.580293e-02
1.948000e+01 -1.262195e-02
1.950000e+01 1.055902e-02
1.952000e+01 3.781072e-02
1.954000e+01 6.506241e-02
1.956000e+01 4.787540e-02
1.958000e+01 1.610162e-02
1.960000e+01 -8.592426e-04
1.962000e+01 -1.533245e-02
1.964000e+01 -3.059718e-02
1.966000e+01 -3.862507e-02
1.968000e+01 -4.043381e-02
1.970000e+01 -4.484329e-02
1.972000e+01 -4.552127e-02
1.974000e+01 -5.524530e-02
1.976000e+01 -5.434023e-02
1.978000e+01 -4.597216e-02
1.980000e+01 -4.608477e-02
1.982000e+01 -3.975207e-02
1.984000e+01 -2.120720e-02
1.986000e+01 -6.506907e-03
1.988000e+01 4.914196e-03
1.990000e+01 -2.209100e-03
1.992000e+01 -8.201640e-03
1.994000e+01 -1.916951e-02
1.996000e+01 -1.306296e-02
1.998000e+01 1.418873e-02
2.000000e+01 4.042273e-02
2.002000e+01 7.389357e-02
2.004000e+01 8.090472e-02
2.006000e+01 8.610666e-02
2.008000e+01 8.350639e-02
2.010000e+01 7.095546e-02
2.012000e+01 5.467304e-02
2.014000e+01 2.979686e-02
2.016000e+01 -5.029959e-03
2.018000e+01 -3.261994e-02
2.020000e+01 -4.347474e-02
2.022000e+01 -5.568645e-02
2.024000e+01 -4.844915e-02
2.026000e+01 -4.709178e-02
2.028000e+01 -3.126074e-02
2.030000e+01 -5.931347e-03
2.032000e+01 2.674796e-02
2.034000e+01 4.811970e-02
2.036000e+01 6.824762e-02
2.038000e+01 5.106059e-02
2.040000e+01 3.206434e-02
2.042000e+01 1.419885e-02
2.044000e+01 -6.154302e-03
2.046000e+01 -3.114355e-02
2.048000e+01 -4.787829e-02
2.050000e+01 -1.983509e-02
2.052000e+01 6.667266e-05
2.054000e+01 2.867525e-02
2.056000e+01 5.434387e-02
2.058000e+01 7.243641e-02
2.060000e+01 6.259929e-02
2.062000e+01 4.665608e-02
2.064000e+01 2.076222e-02
2.066000e+01 -5.470869e-03
2.068000e+01 -3.430470e-02
2.070000e+01 -6.008548e-02
2.072000e+01 -8.009942e-02
2.074000e+01 -1.049756e-01
2.076000e+01 -9.762524e-02
2.078000e+01 -7.139125e-02
2.080000e+01 -4.255652e-02
2.082000e+01 9.797925e-03
2.084000e+01 3.490116e-02
2.086000e+01 6.656277e-02
2.088000e+01 6.939011e-02
2.090000e+01 4.349624e-02
2.092000e+01 3.965211e-02
2.094000e+01 3.512953e-02
2.096000e+01 2.778006e-02
2.098000e+01 2.112346e-03
2.100000e+01 -2.242462e-02
2.102000e+01 -1.790115e-02
2.104000e+01 -1.730897e-03
2.106000e+01 1.116016e-02
2.108000e+01 3.230574e-02
2.110000e+01 4.610141e-02
2.112000e+01 6.362856e-02
2.114000e+01 6.001058e-02
2.116000e+01 3.547362e-02
2.118000e+01 1.862580e-02
2.120000e+01 -2.745054e-03
2.122000e+01 -2.140209e-02
2.124000e+01 -3.123923e-02
2.126000e+01 -4.198097e-02
2.128000e+01 -5.091351e-02
2.130000e+01 -6.041142e-02
2.132000e+01 -5.464413e-02
2.134000e+01 -4.288383e-02
2.136000e+01 -3.349812e-02
2.138000e+01 -2.219013e-02
2.140000e+01 -2.083279e-02
2.142000e+01 -1.800546e-02
2.144000e+01 -1.348200e-02
2.146000e+01 -6.018581e-03
2.148000e+01 2.010099e-04
2.150000e+01 6.646752e-03
2.152000e+01 -2.625016e-03
2.154000e+01 -1.268831e-02
2.156000e+01 -2.320391e-02
2.158000e+01 -3.643333e-02
2.160000e+01 -4.389589e-02
2.162000e+01 -3.858090e-02
2.164000e+01 -3.247439e-02
2.166000e+01 -3.711006e-02
2.168000e+01 -4.604261e-02
2.170000e+01 -5.508823e-02
2.172000e+01 -6.368154e-02
2.174000e+01 -7.284024e-02
2.176000e+01 -6.277609e-02
2.178000e+01 -5.045042e-02
2.180000e+01 -9.228803e-04
2.182000e+01 2.859028e-02
2.184000e+01 4.645664e-02
2.186000e+01 7.280369e-02
2.188000e+01 6.545420e-02
2.190000e+01 5.358168e-02
2.192000e+01 4.340530e-02
2.194000e+01 4.351880e-02
2.196000e+01 3.843082e-02
2.198000e+01 4.035353e-02
2.200000e+01 8.905642e-04
2.202000e+01 -2.873482e-02
2.204000e+01 -5.202797e-02
2.206000e+01 -5.327138e-02
2.208000e+01 -2.511514e-02
2.210000e+01 -7.361853e-03
2.212000e+01 1.853288e-02
2.214000e+01 4.013074e-02
2.216000e+01 5.697942e-02
2.218000e+01 4.194078e-02
2.220000e+01 3.165132e-02
2.222000e+01 1.785651e-02
2.224000e+01 4.627084e-03
2.226000e+01 -3.061641e-03
2.228000e+01 2.366403e-03
2.230000e+01 4.967557e-03
2.232000e+01 1.118713e-02
2.234000e+01 1.525827e-02
2.236000e+01 1.062258e-02
2.238000e+01 6.552272e-03
2.240000e+01 2.481963e-03
2.242000e+01 -3.510631e-03
2.244000e+01 -3.510219e-03
2.246000e+01 4.478381e-04
2.248000e+01 -2.830943e-03
2.250000e+01 -1.402502e-02
2.252000e+01 -2.657600e-02
2.254000e+01 -4.591151e-02
2.256000e+01 -5.993248e-02
2.258000e+01 -7.926800e-02
2.260000e+01 -3.652501e-02
2.262000e+01 -5.881118e-03
2.264000e+01 1.062833e-02
2.266000e+01 3.708842e-02
2.268000e+01 5.405017e-02
2.270000e+01 5.755592e-02
2.272000e+01 4.048191e-02
2.274000e+01 3.867311e-02
2.276000e+01 3.460279e-02
2.278000e+01 3.222861e-02
2.280000e+01 2.974135e-02
2.282000e+01 1.899957e-02
2.284000e+01 -5.621040e-04
2.286000e+01 -2.396835e-02
2.288000e+01 -4.126852e-02
2.290000e+01 -3.504895e-02
2.292000e+01 -3.357857e-02
2.294000e+01 -3.165588e-02
2.296000e+01 -2.679323e-02
2.298000e+01 -3.007202e-02
2.300000e+01 -3.482080e-02
2.302000e+01 -4.137878e-02
2.304000e+01 -4.036071e-02
2.306000e+01 -3.481960e-02
2.308000e+01 -2.181551e-02
2.310000e+01 2.156915e-03
2.312000e+01 2.217169e-02
2.314000e+01 1.810137e-02
2.316000e+01 1.459642e-02
2.318000e+01 1.584065e-02
2.320000e+01 1.244878e-02
2.322000e+01 1.222302e-02
2.324000e+01 1.041421e-02
2.326000e+01 1.007537e-02
2.328000e+01 2.160475e-03
2.330000e+01 -1.480047e-02
2.332000e+01 -2.791685e-02
2.334000e+01 -4.928774e-02
2.336000e+01 -4.883505e-02
2.338000e+01 -3.390868e-02
2.340000e+01 -2.169612e-02
2.342000e+01 -5.412845e-03
2.344000e+01 1.098351e-02
2.346000e+01 1.901226e-02
2.348000e+01 1.675114e-02
2.350000e+01 1.957842e-02
2.352000e+01 8.836629e-03
2.354000e+01 -6.541265e-03
2.356000e+01 -2.429375e-02
2.358000e+01 -2.644179e-02
2.360000e+01 6.802818e-03
2.362000e+01 2.964448e-02
2.364000e+01 3.043639e-02
2.366000e+01 9.517791e-03
2.368000e+01 -4.616274e-03
2.370000e+01 -2.564795e-02
2.372000e+01 -8.573151e-03
2.374000e+01 3.526322e-03
2.376000e+01 2.060112e-02
2.378000e+01 3.507518e-02
2.380000e+01 5.418534e-02
2.382000e+01 5.192421e-02
2.384000e+01 1.879344e-02
2.386000e+01 -6.535112e-03
2.388000e+01 -4.475428e-02
2.390000e+01 -5.018153e-02
2.392000e+01 -2.722681e-02
2.394000e+01 -1.139584e-02
2.396000e+01 2.456258e-02
2.398000e+01 2.953828e-02
2.400000e+01 1.370808e-02
2.402000e+01 9.309133e-04
2.404000e+01 -1.897001e-02
2.406000e+01 -4.316782e-02
2.408000e+01 -6.397335e-02
2.410000e+01 -8.828423e-02
2.412000e+01 -6.996561e-02
2.414000e+01 -2.891879e-02
2.416000e+01 5.004268e-03
2.418000e+01 5.159179e-02
2.420000e+01 8.856789e-02
2.422000e+01 1.244132e-01
2.424000e+01 1.077915e-01
2.426000e+01 5.532478e-02
2.428000e+01 1.382640e-02
2.430000e+01 -4.372870e-02
2.432000e+01 -9.563003e-02
2.434000e+01 -1.390507e-01
2.436000e+01 -9.766465e-02
2.438000e+01 -6.962153e-02
2.440000e+01 -2.574783e-02
2.442000e+01 1.699511e-02
2.444000e+01 5.397121e-02
2.446000e+01 3.655793e-02
2.448000e+01 2.807763e-02
2.450000e+01 1.077743e-02
2.452000e+01 2.570378e-02
2.454000e+01 3.825553e-02
2.456000e+01 5.713953e-02
2.458000e+01 6.720362e-02
2.460000e+01 5.872332e-02
2.462000e+01 6.245518e-02
2.464000e+01 6.731779e-02
2.466000e+01 6.980582e-02
2.468000e+01 6.709237e-02
2.470000e+01 5.273213e-02
2.472000e+01 1.790521e-02
2.474000e+01 -8.667197e-03
2.476000e+01 -2.596740e-02
2.478000e+01 -3.422156e-02
2.480000e+01 -3.716117e-02
2.482000e+01 -4.111845e-02
2.484000e+01 -5.536561e-02
2.486000e+01 -7.458811e-02
2.488000e+01 -8.171151e-02
2.490000e+01 -8.860877e-02
2.492000e+01 -9.561909e-02
2.494000e+01 -6.395756e-02
2.496000e+01 -2.358922e-02
2.498000e+01 1.451762e-02
2.500000e+01 4.312610e-02
2.502000e+01 5.522554e-02
2.504000e+01 4.109145e-02
2.506000e+01 2.831426e-02
2.508000e+01 1.791166e-02
2.510000e+01 4.267557e-02
2.512000e+01 6.721333e-02
2.514000e+01 7.128441e-02
2.516000e+01 4.188511e-02
2.518000e+01 2.458489e-02
2.520000e+01 4.570862e-03
2.522000e+01 2.648929e-03
2.524000e+01 -6.962146e-03
2.526000e+01 -3.229073e-02
2.528000e+01 -4.291949e-02
2.530000e+01 -5.162596e-02
2.532000e+01 -5.705323e-02
2.534000e+01 -8.780945e-02
2.536000e+01 -7.096083e-02
2.538000e+01 -2.132030e-02
2.540000e+01 2.142263e-02
2.542000e+01 5.760717e-02
2.544000e+01 8.418028e-02
2.546000e+01 8.474601e-02
2.548000e+01 6.360121e-02
2.550000e+01 5.150247e-02
2.552000e+01 5.941811e-02
2.554000e+01 7.185677e-02
2.556000e+01 8.271237e-02
2.558000e+01 9.628178e-02
2.560000e+01 1.048759e-01
2.562000e+01 1.103038e-01
2.564000e+01 1.051027e-01
2.566000e+01 9.209936e-02
2.568000e+01 2.990812e-02
2.570000e+01 -3.262234e-02
2.572000e+01 -1.018243e-01
2.574000e+01 -1.537256e-01
2.576000e+01 -9.707441e-02
2.578000e+01 -5.286151e-02
2.580000e+01 9.217332e-03
2.582000e+01 6.722545e-02
2.584000e+01 9.312011e-02
2.586000e+01 6.292926e-02
2.588000e+01 3.409532e-02
2.590000e+01 -1.183933e-03
2.592000e+01 -4.290849e-02
2.594000e+01 -3.917666e-02
2.596000e+01 -2.200604e-03
2.598000e+01 2.041485e-02
2.600000e+01 7.163843e-02
2.602000e+01 1.142683e-01
2.604000e+01 1.267069e-01
2.606000e+01 1.255765e-01
2.608000e+01 1.063540e-01
2.610000e+01 9.108911e-02
2.612000e+01 6.881354e-02
2.614000e+01 5.750632e-02
2.616000e+01 2.335782e-02
2.618000e+01 -2.266362e-02
2.620000e+01 -6.461434e-02
2.622000e+01 -1.152719e-01
2.624000e+01 -1.503250e-01
2.626000e+01 -1.390171e-01
2.628000e+01 -1.367553e-01
2.630000e+01 -1.141398e-01
2.632000e+01 -8.609672e-02
2.634000e+01 -6.189822e-02
2.636000e+01 -5.522644e-02
2.638000e+01 -4.572776e-02
2.640000e+01 -3.283681e-02
2.642000e+01 -1.983279e-02
2.644000e+01 -1.587482e-02
2.646000e+01 -1.101224e-02
2.648000e+01 -5.584290e-03
2.650000e+01 2.218251e-03
2.652000e+01 9.116186e-03
2.654000e+01 4.028108e-03
2.656000e+01 -3.208408e-03
2.658000e+01 -6.826504e-03
2.660000e+01 -3.773141e-03
2.662000e+01 -1.398232e-03
2.664000e+01 8.665818e-03
2.666000e+01 2.325289e-02
2.668000e+01 3.704844e-02
2.670000e+01 5.095705e-02
2.672000e+01 6.531798e-02
2.674000e+01 6.362216e-02
2.676000e+01 5.254107e-02
2.678000e+01 3.399699e-02
2.680000e+01 1.217371e-02
2.682000e+01 -3.773586e-04
2.684000e+01 -3.656234e-03
2.686000e+01 -7.726639e-03
2.688000e+01 -1.134474e-02
2.690000e+01 -2.265199e-02
2.692000e+01 -2.118169e-02
2.694000e+01 2.903729e-03
2.696000e+01 1.522928e-02
2.698000e+01 2.755484e-02
2.700000e+01 3.015589e-02
2.702000e+01 3.004313e-02
2.704000e+01 1.760512e-02
2.706000e+01 -2.069718e-03
2.708000e+01 -1.066315e-02
2.710000e+01 -2.434499e-02
2.712000e+01 -1.880397e-02
2.714000e+01 -1.348911e-02
2.716000e+01 -7.156566e-03
2.718000e+01 -1.450617e-02
2.720000e+01 -1.835043e-02
2.722000e+01 -2.174239e-02
2.724000e+01 -2.728279e-02
2.726000e+01 -2.660403e-02
2.728000e+01 -1.970611e-02
2.730000e+01 -1.393894e-02
2.732000e+01 -2.083625e-02
2.734000e+01 -2.988199e-02
2.736000e+01 -3.644007e-02
2.738000e+01 -3.790975e-02
2.740000e+01 -5.125237e-02
2.742000e+01 -4.853824e-02
2.744000e+01 -3.768268e-02
2.746000e+01 -2.400023e-02
2.748000e+01 -7.717043e-03
2.750000e+01 3.477744e-03
2.752000e+01 4.250052e-04
2.754000e+01 -1.042995e-02
2.756000e+01 -9.977346e-03
2.758000e+01 -1.687466e-02
2.760000e+01 -1.845742e-02
2.762000e+01 -2.682471e-02
2.764000e+01 -3.643584e-02
2.766000e+01 -4.751694e-02
2.768000e+01 -5.158737e-02
2.770000e+01 -4.480253e-02
2.772000e+01 -3.937461e-02
2.774000e+01 -2.908443e-02
2.776000e+01 -1.935963e-02
2.778000e+01 -2.171844e-03
2.780000e+01 1.772976e-02
2.782000e+01 3.220373e-02
2.784000e+01 4.102392e-02
2.786000e+01 4.011961e-02
2.788000e+01 3.050848e-02
2.790000e+01 1.151207e-02
2.792000e+01 -4.996670e-03
2.794000e+01 -1.404243e-02
2.796000e+01 -2.761120e-02
2.798000e+01 -2.580170e-02
2.800000e+01 -1.415462e-02
2.802000e+01 -7.595948e-03
2.804000e+01 2.128845e-03
2.806000e+01 1.060981e-02
2.808000e+01 2.270918e-02
2.810000e+01 3.243398e-02
2.812000e+01 4.136724e-02
2.814000e+01 3.526144e-02
2.816000e+01 2.056191e-02
2.818000e+01 2.809323e-03
2.820000e+01 -1.754400e-02
2.822000e+01 -3.597503e-02
2.824000e+01 -2.466719e-02
2.826000e+01 -1.324627e-02
2.828000e+01 1.793076e-03
2.830000e+01 1.739779e-02
2.832000e+01 3.379404e-02
2.834000e+01 2.757517e-02
2.836000e+01 1.547636e-02
2.838000e+01 1.163208e-02
2.840000e+01 2.812462e-03
2.842000e+01 -1.031826e-03
2.844000e+01 -2.501526e-03
2.846000e+01 -3.971227e-03
2.848000e+01 -5.327853e-03
2.850000e+01 -9.963671e-03
2.852000e+01 -1.742638e-02
2.854000e+01 -1.663457e-02
2.856000e+01 -8.492848e-03
2.858000e+01 1.011769e-04
2.860000e+01 -2.160056e-03
2.862000e+01 -1.663346e-02
2.864000e+01 -2.534000e-02
2.866000e+01 -4.218799e-02
2.868000e+01 -4.117003e-02
2.870000e+01 -2.827913e-02
2.872000e+01 -1.844128e-02
2.874000e+01 -1.479663e-03
2.876000e+01 1.740424e-02
2.878000e+01 3.425278e-02
2.880000e+01 4.454293e-02
2.882000e+01 4.601319e-02
2.884000e+01 4.363887e-02
2.886000e+01 3.730692e-02
2.888000e+01 2.079815e-02
2.890000e+01 1.424004e-02
2.892000e+01 8.021151e-03
2.894000e+01 -6.945342e-06
2.896000e+01 -7.582740e-03
2.898000e+01 -1.459316e-02
2.900000e+01 -1.436674e-02
2.902000e+01 -1.289648e-02
2.904000e+01 -1.142623e-02
2.906000e+01 -9.390600e-03
2.908000e+01 -1.583564e-02
2.910000e+01 -2.307221e-02
2.912000e+01 -3.030878e-02
2.914000e+01 -3.946764e-02
2.916000e+01 -4.048505e-02
2.918000e+01 -3.347410e-02
2.920000e+01 -2.555854e-02
2.922000e+01 2.145247e-03
2.924000e+01 1.130463e-02
2.926000e+01 2.306476e-02
2.928000e+01 2.905803e-02
2.930000e+01 2.261299e-02
2.932000e+01 1.820330e-02
2.934000e+01 1.221056e-02
2.936000e+01 1.775153e-02
2.938000e+01 2.250096e-02
2.940000e+01 2.747655e-02
2.942000e+01 1.605618e-02
2.944000e+01 6.331936e-03
2.946000e+01 -7.349952e-03
2.948000e+01 -1.085504e-02
2.950000e+01 -2.826408e-03
2.952000e+01 1.923026e-03
2.954000e+01 1.142164e-02
2.956000e+01 1.074344e-02
2.958000e+01 4.524539e-03
2.960000e+01 1.148476e-04
2.962000e+01 -7.347885e-03
2.964000e+01 -1.107912e-02
2.966000e+01 -1.220962e-02
2.968000e+01 -1.288782e-02
2.970000e+01 -1.469678e-02
2.972000e+01 -1.888032e-02
2.974000e+01 -2.238541e-02
2.976000e+01 -1.164297e-02
2.978000e+01 -1.013613e-03
2.980000e+01 6.336554e-03
2.982000e+01 1.470440e-02
2.984000e+01 2.273302e-02
2.986000e+01 2.262020e-02
2.988000e+01 1.922818e-02
2.990000e+01 1.628847e-02
2.992000e+01 1.244414e-02
2.994000e+01 1.459283e-02
2.996000e+01 1.730689e-02
2.998000e+01 1.561101e-02
3.000000e+01 1.334975e-02
3.002000e+01 1.108848e-02
3.004000e+01 6.904934e-03
3.006000e+01 -3.045472e-03
3.008000e+01 -5.532888e-03
3.010000e+01 -9.377212e-03
3.012000e+01 -2.000607e-02
3.014000e+01 -3.617564e-02
3.016000e+01 -4.736988e-02
3.018000e+01 -5.845104e-02
3.020000e+01 -5.324932e-02
3.022000e+01 -4.442918e-02
3.024000e+01 -3.266907e-02
3.026000e+01 -1.231522e-02
3.028000e+01 5.777117e-03
3.030000e+01 1.504956e-02
3.032000e+01 1.787669e-02
3.034000e+01 2.013844e-02
3.036000e+01 2.217404e-02
3.038000e+01 2.895882e-02
3.040000e+01 3.755280e-02
3.042000e+01 3.721382e-02
3.044000e+01 2.862031e-02
3.046000e+01 1.968758e-02
3.048000e+01 5.214140e-03
3.050000e+01 -9.485450e-03
3.052000e+01 -2.135815e-02
3.054000e+01 -2.576786e-02
3.056000e+01 -3.424830e-02
3.058000e+01 -3.119502e-02
3.060000e+01 -2.554100e-02
3.062000e+01 -1.954776e-02
3.064000e+01 -1.355452e-02
3.066000e+01 -1.411966e-02
3.068000e+01 -1.445866e-02
3.070000e+01 -8.917718e-03
3.072000e+01 -2.811402e-03
3.074000e+01 4.538744e-03
3.076000e+01 7.478942e-03
3.078000e+01 6.348418e-03
3.080000e+01 5.783271e-03
3.082000e+01 7.366560e-03
3.084000e+01 1.437748e-02
3.086000e+01 2.037071e-02
3.088000e+01 2.760778e-02
3.090000e+01 3.484485e-02
3.092000e+01 3.382740e-02
3.094000e+01 2.851307e-02
3.096000e+01 2.455566e-02
3.098000e+01 1.856288e-02
3.100000e+01 2.184230e-02
3.102000e+01 2.659170e-02
3.104000e+01 3.201955e-02
3.106000e+01 3.416821e-02
3.108000e+01 2.229550e-02
3.110000e+01 1.211892e-02
3.112000e+01 -4.276816e-03
3.114000e+01 -1.829797e-02
3.116000e+01 -3.627676e-02
3.118000e+01 -3.774652e-02
3.120000e+01 -2.462953e-02
3.122000e+01 -1.660094e-02
3.124000e+01 -9.962858e-04
3.126000e+01 1.378523e-03
3.128000e+01 -5.858095e-03
3.130000e+01 -1.128550e-02
3.132000e+01 -1.411217e-02
3.134000e+01 -1.603424e-02
3.136000e+01 -1.445096e-02
3.138000e+01 -1.162385e-02
3.140000e+01 -7.892139e-03
3.142000e+01 -1.898914e-03
3.144000e+01 3.868159e-03
3.146000e+01 9.748307e-03
3.148000e+01 1.800304e-02
3.150000e+01 2.716238e-02
3.152000e+01 3.620865e-02
3.154000e+01 3.869652e-02
3.156000e+01 3.609600e-02
3.158000e+01 2.422328e-02
3.160000e+01 8.392908e-03
3.162000e+01 1.156282e-03
3.164000e+01 -1.557319e-03
3.166000e+01 -5.175525e-03
3.168000e+01 -8.341430e-03
3.170000e+01 -1.354270e-02
3.172000e+01 -1.750013e-02
3.174000e+01 -1.297690e-02
3.176000e+01 -6.192149e-03
3.178000e+01 -5.381585e-04
3.180000e+01 -1.987220e-04
3.182000e+01 -1.985128e-04
3.184000e+01 1.723981e-03
3.186000e+01 5.342609e-03
3.188000e+01 8.282782e-03
3.190000e+01 9.866049e-03
3.192000e+01 1.122316e-02
3.194000e+01 1.416333e-02
3.196000e+01 1.676428e-02
3.198000e+01 1.959138e-02
3.200000e+01 2.275770e-02
3.202000e+01 2.909014e-02
3.204000e+01 3.598795e-02
3.206000e+01 3.259589e-02
3.208000e+01 2.626386e-02
3.210000e+01 1.201654e-02
3.212000e+01 3.072530e-05
3.214000e+01 -1.099828e-03
3.216000e+01 -3.926516e-03
3.218000e+01 -5.848600e-03
3.220000e+01 -9.240667e-03
3.222000e+01 -5.735123e-03
3.224000e+01 -6.465208e-04
3.226000e+01 4.329005e-03
3.228000e+01 1.100067e-02
3.230000e+01 1.767232e-02
3.232000e+01 2.332630e-02
3.234000e+01 1.631581e-02
3.236000e+01 8.400719e-03
3.238000e+01 2.520985e-03
3.240000e+01 -2.341069e-03
3.242000e+01 -7.768502e-03
3.244000e+01 -1.116057e-02
3.246000e+01 -8.333488e-03
3.248000e+01 -5.958706e-03
3.250000e+01 -3.131621e-03
3.252000e+01 -1.548369e-03
3.254000e+01 1.479591e-04
3.256000e+01 3.507673e-05
3.258000e+01 -5.301085e-04
3.260000e+01 -1.095294e-03
3.262000e+01 -9.820265e-04
3.264000e+01 -1.903058e-04
3.266000e+01 2.621877e-04
3.268000e+01 1.958512e-03
3.270000e+01 6.142500e-03
3.272000e+01 9.874185e-03
3.274000e+01 1.439740e-02
3.276000e+01 1.756370e-02
3.278000e+01 1.496315e-02
3.280000e+01 1.168415e-02
3.282000e+01 6.482859e-03
3.284000e+01 8.292661e-04
3.286000e+01 -4.372025e-03
3.288000e+01 -1.093022e-02
3.290000e+01 -1.070389e-02
3.292000e+01 -5.049921e-03
3.294000e+01 -6.397872e-04
3.296000e+01 3.657270e-03
3.298000e+01 5.240513e-03
3.300000e+01 7.841436e-03
3.302000e+01 6.032409e-03
3.304000e+01 5.241063e-03
3.306000e+01 2.188204e-03
3.308000e+01 -7.312608e-05
3.310000e+01 -3.125986e-03
3.312000e+01 -3.012729e-03
3.314000e+01 -1.768717e-03
3.316000e+01 -5.247048e-04
3.318000e+01 -4.114493e-04
3.320000e+01 -1.768177e-03
3.322000e+01 -2.333376e-03
3.324000e+01 -3.916256e-03
3.326000e+01 -3.463775e-03
3.328000e+01 -6.367077e-04
3.330000e+01 1.738057e-03
3.332000e+01 4.791275e-03
3.334000e+01 7.505266e-03
3.336000e+01 7.279291e-03
3.338000e+01 6.035634e-03
3.340000e+01 8.343321e-04
3.342000e+01 -4.932349e-03
3.344000e+01 -8.437518e-03
3.346000e+01 -7.080437e-03
3.348000e+01 -7.193340e-03
3.350000e+01 -1.194234e-02
3.352000e+01 -1.804825e-02
3.354000e+01 -1.951806e-02
3.356000e+01 -1.307258e-02
3.358000e+01 -7.757857e-03
3.360000e+01 -3.913116e-03
3.362000e+01 -2.669114e-03
3.364000e+01 -6.820533e-05
3.366000e+01 6.104178e-04
3.368000e+01 4.229006e-03
3.370000e+01 9.430652e-03
3.372000e+01 1.316232e-02
3.374000e+01 8.074081e-03
3.376000e+01 4.455829e-03
3.378000e+01 -9.716329e-04
3.380000e+01 -2.667600e-03
3.382000e+01 -3.685115e-03
3.384000e+01 -4.476478e-03
3.386000e+01 -4.928616e-03
3.388000e+01 -7.189963e-03
3.390000e+01 -1.340896e-02
3.392000e+01 -1.306957e-02
3.394000e+01 -1.205172e-02
3.396000e+01 -1.092080e-02
3.398000e+01 -8.998356e-03
3.400000e+01 -8.432815e-03
3.402000e+01 -1.227722e-02
3.404000e+01 -1.544318e-02
3.406000e+01 -1.860914e-02
3.408000e+01 -1.612131e-02
3.410000e+01 -1.453809e-02
3.412000e+01 -1.238950e-02
3.414000e+01 -1.205011e-02
3.416000e+01 -1.091920e-02
3.418000e+01 -1.091904e-02
3.420000e+01 -6.961235e-03
3.422000e+01 -6.346620e-05
3.424000e+01 6.268924e-03
3.426000e+01 1.260131e-02
3.428000e+01 1.735065e-02
3.430000e+01 2.243920e-02
3.432000e+01 1.938632e-02
3.434000e+01 1.599420e-02
3.436000e+01 1.181056e-02
3.438000e+01 7.400767e-03
3.440000e+01 1.294838e-03
3.442000e+01 -7.411830e-03
3.444000e+01 -1.170855e-02
3.446000e+01 -1.363068e-02
3.448000e+01 -1.543974e-02
3.450000e+01 -1.860571e-02
3.452000e+01 -2.414626e-02
3.454000e+01 -3.025219e-02
3.456000e+01 -3.081742e-02
3.458000e+01 -2.437196e-02
3.460000e+01 -1.996186e-02
3.462000e+01 -1.295103e-02
3.464000e+01 -6.731722e-03
3.466000e+01 1.660376e-04
3.468000e+01 6.272268e-03
3.470000e+01 1.136082e-02
3.472000e+01 1.644936e-02
3.474000e+01 2.131176e-02
3.476000e+01 2.640031e-02
3.478000e+01 2.979272e-02
3.480000e+01 2.900134e-02
3.482000e+01 2.583537e-02
3.484000e+01 1.950328e-02
3.486000e+01 1.452809e-02
3.488000e+01 6.273718e-03
3.490000e+01 -5.146775e-03
3.492000e+01 -1.668034e-02
3.494000e+01 -2.357781e-02
3.496000e+01 -2.855300e-02
3.498000e+01 -2.832671e-02
3.500000e+01 -2.753504e-02
3.502000e+01 -2.538646e-02
3.504000e+01 -2.007177e-02
3.506000e+01 -1.520938e-02
3.508000e+01 -9.103156e-03
3.510000e+01 -1.413877e-03
3.512000e+01 5.144645e-03
3.514000e+01 1.023318e-02
3.516000e+01 1.113793e-02
3.518000e+01 1.147729e-02
3.520000e+01 1.147743e-02
3.522000e+01 1.192986e-02
3.524000e+01 1.554842e-02
3.526000e+01 1.385242e-02
3.528000e+01 1.147797e-02
3.530000e+01 8.311984e-03
3.532000e+01 2.319111e-03
3.534000e+01 -2.995309e-03
3.536000e+01 -9.214335e-03
3.538000e+01 -1.464183e-02
3.540000e+01 -2.131316e-02
3.542000e+01 -2.176533e-02
3.544000e+01 -1.554604e-02
3.546000e+01 -1.113596e-02
3.548000e+01 -4.803599e-03
3.550000e+01 -4.803469e-03
3.552000e+01 -4.351038e-03
3.554000e+01 -4.916287e-03
3.556000e+01 -5.368461e-03
3.558000e+01 -4.237577e-03
3.560000e+01 -2.202088e-03
3.562000e+01 -2.315037e-03
3.564000e+01 -1.636457e-03
3.566000e+01 -1.636331e-03
3.568000e+01 -1.183902e-03
3.570000e+01 -1.183777e-03
3.572000e+01 3.339372e-03
3.574000e+01 7.862521e-03
3.576000e+01 1.317720e-02
3.578000e+01 1.102889e-02
3.580000e+01 6.505984e-03
3.582000e+01 2.096159e-03
3.584000e+01 -3.331348e-03
3.586000e+01 -8.645779e-03
3.588000e+01 -1.022872e-02
3.590000e+01 -1.022859e-02
3.592000e+01 -1.056770e-02
3.594000e+01 -1.022835e-02
3.596000e+01 -9.549781e-03
3.598000e+01 -5.705091e-03
3.600000e+01 -2.312704e-03
3.602000e+01 1.758136e-03
3.604000e+01 4.472068e-03
3.606000e+01 4.019883e-03
3.608000e+01 4.020001e-03
3.610000e+01 3.454739e-03
3.612000e+01 4.698687e-03
3.614000e+01 6.281861e-03
3.616000e+01 7.751959e-03
3.618000e+01 9.787435e-03
3.620000e+01 1.001370e-02
3.622000e+01 8.883059e-03
3.624000e+01 8.091644e-03
3.626000e+01 7.074076e-03
3.628000e+01 8.657248e-03
3.630000e+01 1.001427e-02
3.632000e+01 1.171051e-02
3.634000e+01 1.272831e-02
3.636000e+01 1.035383e-02
3.638000e+01 8.657805e-03
3.640000e+01 6.170253e-03
3.642000e+01 7.188043e-03
3.644000e+01 9.110437e-03
3.646000e+01 1.114591e-02
3.648000e+01 1.352060e-02
3.650000e+01 1.544300e-02
3.652000e+01 1.205084e-02
3.654000e+01 8.884826e-03
3.656000e+01 5.153438e-03
3.658000e+01 1.535126e-03
3.660000e+01 -2.196263e-03
3.662000e+01 -4.570745e-03
3.664000e+01 -7.510606e-03
3.666000e+01 -9.658938e-03
3.668000e+01 -1.339033e-02
3.670000e+01 -1.780017e-02
3.672000e+01 -2.221002e-02
3.674000e+01 -2.616756e-02
3.676000e+01 -2.899435e-02
3.678000e+01 -3.035115e-02
3.680000e+01 -3.125566e-02
3.682000e+01 -3.227324e-02
3.684000e+01 -3.125545e-02
3.686000e+01 -3.035075e-02
3.688000e+01 -2.899374e-02
3.690000e+01 -2.820212e-02
3.692000e+01 -2.458360e-02
3.694000e+01 -1.938202e-02
3.696000e+01 -1.440660e-02
3.698000e+01 -1.214499e-02
3.700000e+01 -1.169259e-02
3.702000e+01 -1.056173e-02
3.704000e+01 -1.010934e-02
3.706000e+01 -7.960802e-03
3.708000e+01 -6.490724e-03
3.710000e+01 -4.342193e-03
3.712000e+01 -2.419813e-03
3.714000e+01 2.216381e-03
3.716000e+01 4.138760e-03
3.718000e+01 4.930383e-03
3.720000e+01 5.608930e-03
3.722000e+01 5.043644e-03
3.724000e+01 5.043736e-03
3.726000e+01 4.478450e-03
3.728000e+01 4.252390e-03
3.730000e+01 3.800178e-03
3.732000e+01 5.496402e-03
3.734000e+01 7.305702e-03
3.736000e+01 9.793455e-03
3.738000e+01 1.262043e-02
3.740000e+01 1.533434e-02
3.742000e+01 1.827439e-02
3.744000e+01 2.064907e-02
3.746000e+01 1.974455e-02
3.748000e+01 1.917926e-02
3.750000e+01 1.816166e-02
3.752000e+01 1.680484e-02
3.754000e+01 1.239498e-02
3.756000e+01 7.872041e-03
3.758000e+01 3.801404e-03
3.760000e+01 1.200749e-03
3.762000e+01 2.331589e-03
3.764000e+01 3.349353e-03
3.766000e+01 4.706343e-03
3.768000e+01 6.289484e-03
3.770000e+01 7.985700e-03
3.772000e+01 1.092575e-02
3.774000e+01 1.341349e-02
3.776000e+01 1.635354e-02
3.778000e+01 1.635362e-02
3.780000e+01 1.431834e-02
3.782000e+01 1.397919e-02
3.784000e+01 1.420542e-02
3.786000e+01 1.443165e-02
3.788000e+01 1.488403e-02
3.790000e+01 1.522334e-02
3.792000e+01 1.217037e-02
3.794000e+01 9.117408e-03
3.796000e+01 5.385989e-03
3.798000e+01 2.446100e-03
3.800000e+01 7.500416e-04
3.802000e+01 -1.059093e-03
3.804000e+01 -2.642076e-03
3.806000e+01 -1.058944e-03
3.808000e+01 2.220323e-03
3.810000e+01 5.047286e-03
3.812000e+01 8.778854e-03
3.814000e+01 1.183197e-02
3.816000e+01 1.522431e-02
3.818000e+01 1.160596e-02
3.820000e+01 7.196083e-03
3.822000e+01 2.220828e-03
3.824000e+01 -2.867504e-03
3.826000e+01 -8.860440e-03
3.828000e+01 -9.878051e-03
3.830000e+01 -5.920336e-03
3.832000e+01 -3.206453e-03
3.834000e+01 8.643371e-04
3.836000e+01 1.542859e-03
3.838000e+01 2.673682e-03
3.840000e+01 3.239127e-03
3.842000e+01 3.804572e-03
3.844000e+01 5.613847e-03
3.846000e+01 7.988501e-03
3.848000e+01 1.025008e-02
3.850000e+01 1.285088e-02
3.852000e+01 1.522553e-02
3.854000e+01 1.601713e-02
3.856000e+01 1.567796e-02
3.858000e+01 1.601725e-02
3.860000e+01 1.545194e-02
3.862000e+01 1.590430e-02
3.864000e+01 1.172057e-02
3.866000e+01 3.579185e-03
3.868000e+01 -3.431441e-03
3.870000e+01 -6.936724e-03
3.872000e+01 -9.424327e-03
3.874000e+01 -1.247731e-02
3.876000e+01 -1.756565e-02
3.878000e+01 -2.208862e-02
3.880000e+01 -2.107088e-02
3.882000e+01 -2.039237e-02
3.884000e+01 -1.903540e-02
3.886000e+01 -1.745229e-02
3.888000e+01 -1.586917e-02
3.890000e+01 -1.439913e-02
3.892000e+01 -1.394677e-02
3.894000e+01 -1.338134e-02
3.896000e+01 -1.292898e-02
3.898000e+01 -1.270278e-02
3.900000e+01 -1.179812e-02
3.902000e+01 -7.048890e-03
3.904000e+01 -2.186586e-03
3.906000e+01 4.142053e-04
3.908000e+01 -2.641960e-04
3.910000e+01 -2.641441e-04
3.912000e+01 -1.394849e-03
3.914000e+01 -1.960176e-03
3.916000e+01 -7.162935e-04
3.918000e+01 1.432193e-03
3.920000e+01 3.241452e-03
3.922000e+01 5.842240e-03
3.924000e+01 6.181516e-03
3.926000e+01 4.937733e-03
3.928000e+01 3.580874e-03
3.930000e+01 1.432485e-03
3.932000e+01 -3.766777e-04
3.934000e+01 -2.525068e-03
3.936000e+01 -2.072719e-03
3.938000e+01 -6.026902e-04
3.940000e+01 6.411868e-04
3.942000e+01 2.337366e-03
3.944000e+01 3.920469e-03
3.946000e+01 5.616647e-03
3.948000e+01 6.634371e-03
3.950000e+01 7.539019e-03
3.952000e+01 8.556742e-03
3.954000e+01 9.348314e-03
3.956000e+01 1.047911e-02
3.958000e+01 1.454987e-02
3.960000e+01 1.929909e-02
3.962000e+01 1.647224e-02
3.964000e+01 1.206233e-02
3.966000e+01 8.104727e-03
3.968000e+01 4.147120e-03
3.970000e+01 4.156644e-04
3.972000e+01 -3.428868e-03
3.974000e+01 -7.047249e-03
3.976000e+01 -1.055255e-02
3.978000e+01 -1.010022e-02
3.980000e+01 -9.195574e-03
3.982000e+01 -8.064782e-03
3.984000e+01 -5.577082e-03
3.986000e+01 -3.202459e-03
3.988000e+01 -2.624586e-04
3.990000e+01 3.921373e-03
3.992000e+01 6.069843e-03
3.994000e+01 5.165273e-03
3.996000e+01 4.713004e-03
3.998000e+01 3.582280e-03
4.000000e+01 2.451557e-03
4.002000e+01 1.320833e-03
4.004000e+01 3.031838e-04
4.006000e+01 -9.406167e-04
4.008000e+01 -1.392888e-03
4.010000e+01 4.163515e-04
4.012000e+01 1.999440e-03
4.014000e+01 3.582527e-03
4.016000e+01 2.791027e-03
4.018000e+01 1.999527e-03
4.020000e+01 1.999555e-03
4.022000e+01 3.130338e-03
4.024000e+01 3.808819e-03
4.026000e+01 5.278829e-03
4.028000e+01 5.391930e-03
4.030000e+01 2.565066e-03
4.032000e+01 -1.487224e-04
4.034000e+01 -3.201739e-03
4.036000e+01 -6.593982e-03
4.038000e+01 -9.646999e-03
4.040000e+01 -1.292617e-02
4.042000e+01 -1.190846e-02
4.044000e+01 -1.043846e-02
4.046000e+01 -8.629226e-03
4.048000e+01 -7.498448e-03
4.050000e+01 -6.933049e-03
4.052000e+01 -6.254573e-03
4.054000e+01 -5.463024e-03
4.056000e+01 -4.445323e-03
4.058000e+01 -3.540698e-03
4.060000e+01 -2.522999e-03
4.062000e+01 -1.392223e-03
4.064000e+01 -3.745245e-04
4.066000e+01 6.431740e-04
4.068000e+01 1.660872e-03
4.070000e+01 2.565494e-03
4.072000e+01 3.039990e-04
4.074000e+01 -1.844421e-03
4.076000e+01 -4.332068e-03
4.078000e+01 -7.045867e-03
4.080000e+01 -9.646591e-03
4.082000e+01 -1.224732e-02
4.084000e+01 -1.439574e-02
4.086000e+01 -1.688339e-02
4.088000e+01 -1.846643e-02
4.090000e+01 -1.948410e-02
4.092000e+01 -2.061484e-02
4.094000e+01 -2.174559e-02
4.096000e+01 -2.265018e-02
4.098000e+01 -2.389400e-02
4.100000e+01 -2.219785e-02
4.102000e+01 -1.937095e-02
4.104000e+01 -1.507407e-02
4.106000e+01 -7.158770e-03
4.108000e+01 -1.391906e-03
4.110000e+01 2.452673e-03
4.112000e+01 6.410327e-03
4.114000e+01 9.463376e-03
4.116000e+01 1.025491e-02
4.118000e+01 1.172490e-02
4.120000e+01 1.070723e-02
4.122000e+01 9.237252e-03
4.124000e+01 7.088821e-03
4.126000e+01 3.922709e-03
4.128000e+01 5.304463e-04
4.130000e+01 -2.522591e-03
4.132000e+01 -6.254081e-03
4.134000e+01 -4.897171e-03
4.136000e+01 -1.278749e-03
4.138000e+01 1.661219e-03
4.140000e+01 3.922734e-03
4.142000e+01 5.618870e-03
4.144000e+01 6.297324e-03
4.146000e+01 6.749628e-03
4.148000e+01 7.201930e-03
4.150000e+01 7.541157e-03
4.152000e+01 7.993459e-03
4.154000e+01 8.332685e-03
4.156000e+01 8.671910e-03
4.158000e+01 8.898060e-03
4.160000e+01 8.445755e-03
4.162000e+01 7.993450e-03
4.164000e+01 7.428069e-03
4.166000e+01 6.749612e-03
4.168000e+01 6.297306e-03
4.170000e+01 5.618848e-03
4.172000e+01 7.088826e-03
4.174000e+01 9.124182e-03
4.176000e+01 1.104646e-02
4.178000e+01 1.308182e-02
4.180000e+01 1.443872e-02
4.182000e+01 1.590869e-02
4.184000e+01 1.500408e-02
4.186000e+01 1.409947e-02
4.188000e+01 1.308178e-02
4.190000e+01 1.183794e-02
4.192000e+01 1.002872e-02
4.194000e+01 8.332576e-03
4.196000e+01 6.523357e-03
4.198000e+01 4.714137e-03
4.200000e+01 2.904916e-03
4.202000e+01 9.826199e-04
4.204000e+01 6.433814e-04
4.206000e+01 1.095672e-03
4.208000e+01 1.208735e-03
4.210000e+01 2.791780e-03
4.212000e+01 4.940203e-03
4.214000e+01 6.070945e-03
4.216000e+01 7.088611e-03
4.218000e+01 8.332428e-03
4.220000e+01 9.123942e-03
4.222000e+01 1.025468e-02
4.224000e+01 1.093312e-02
4.226000e+01 1.093310e-02
4.228000e+01 1.070694e-02
4.230000e+01 1.025462e-02
4.232000e+01 3.017760e-03
4.234000e+01 1.908517e-04
4.236000e+01 -3.745449e-04
4.238000e+01 -2.070698e-03
4.240000e+01 -2.523020e-03
4.242000e+01 -3.540720e-03
4.244000e+01 -5.236875e-03
4.246000e+01 -7.046105e-03
4.248000e+01 -8.855336e-03
4.250000e+01 -1.077764e-02
4.252000e+01 -1.269995e-02
4.254000e+01 -1.428303e-02
4.256000e+01 -1.179539e-02
4.258000e+01 -9.873128e-03
4.260000e+01 -7.272414e-03
4.262000e+01 -4.671699e-03
4.264000e+01 -1.957909e-03
4.266000e+01 -1.053330e-03
4.268000e+01 -8.272039e-04
4.270000e+01 -3.749274e-04
4.272000e+01 -2.618782e-04
4.274000e+01 7.557753e-04
4.276000e+01 1.773428e-03
4.278000e+01 2.904157e-03
4.280000e+01 4.147960e-03
4.282000e+01 5.052537e-03
4.284000e+01 5.165583e-03
4.286000e+01 4.600176e-03
4.288000e+01 1.660180e-03
4.290000e+01 -7.144377e-04
4.292000e+01 -3.880585e-03
4.294000e+01 -5.124448e-03
4.296000e+01 -6.029084e-03
4.298000e+01 -6.820645e-03
4.300000e+01 -7.499132e-03
4.302000e+01 -8.064543e-03
4.304000e+01 -8.856105e-03
4.306000e+01 -8.290761e-03
4.308000e+01 -7.046963e-03
4.310000e+01 -2.976276e-03
4.312000e+01 7.551835e-04
4.314000e+01 5.391247e-03
4.316000e+01 7.539648e-03
4.318000e+01 6.974234e-03
4.320000e+01 6.974197e-03
4.322000e+01 6.295706e-03
4.324000e+01 5.730291e-03
4.326000e+01 5.164875e-03
4.328000e+01 4.599458e-03
4.330000e+01 3.468663e-03
4.332000e+01 1.894312e-04
4.334000e+01 -2.750574e-03
4.336000e+01 -5.690580e-03
4.338000e+01 -4.559864e-03
4.340000e+01 -3.994528e-03
4.342000e+01 -2.637662e-03
4.344000e+01 -1.506948e-03
4.346000e+01 -3.700764e-05
4.348000e+01 4.152520e-04
4.350000e+01 1.890575e-04
4.352000e+01 7.593819e-05
4.354000e+01 -2.633327e-04
4.356000e+01 -6.026041e-04
4.358000e+01 -4.895735e-04
4.360000e+01 7.575911e-05
4.362000e+01 5.280157e-04
4.364000e+01 9.802718e-04
4.366000e+01 7.562025e-05
4.368000e+01 -6.028805e-04
4.370000e+01 -1.507533e-03
4.372000e+01 -2.525261e-03
4.374000e+01 -3.090688e-03
4.376000e+01 -2.977661e-03
4.378000e+01 -2.977710e-03
4.380000e+01 -2.638533e-03
4.382000e+01 -2.525508e-03
4.384000e+01 -2.186332e-03
4.386000e+01 -2.864836e-03
4.388000e+01 -4.787173e-03
4.390000e+01 -6.370284e-03
4.392000e+01 -8.405696e-03
4.394000e+01 -9.310354e-03
4.396000e+01 -9.084256e-03
4.398000e+01 -9.197385e-03
4.400000e+01 -8.292834e-03
4.402000e+01 -5.465999e-03
4.404000e+01 -2.978391e-03
4.406000e+01 -3.848049e-05
4.408000e+01 2.222976e-03
4.410000e+01 2.222919e-03
4.412000e+01 2.562089e-03
4.414000e+01 2.562032e-03
4.416000e+01 2.561975e-03
4.418000e+01 3.692673e-03
4.420000e+01 5.049522e-03
4.422000e+01 5.727917e-03
4.424000e+01 5.727857e-03
4.426000e+01 5.727798e-03
4.428000e+01 5.614662e-03
4.430000e+01 5.501526e-03
4.432000e+01 6.066843e-03
4.434000e+01 7.762915e-03
4.436000e+01 9.119761e-03
4.438000e+01 1.092891e-02
4.440000e+01 1.115500e-02
4.442000e+01 1.104186e-02
4.444000e+01 1.104179e-02
4.446000e+01 1.070250e-02
4.448000e+01 1.047629e-02
4.450000e+01 1.025007e-02
4.452000e+01 1.002386e-02
4.454000e+01 9.684562e-03
4.456000e+01 9.458345e-03
4.458000e+01 9.232127e-03
4.460000e+01 8.892833e-03
4.462000e+01 7.196632e-03
4.464000e+01 5.500430e-03
4.466000e+01 4.143455e-03
4.468000e+01 4.256461e-03
4.470000e+01 4.030241e-03
4.472000e+01 4.143247e-03
4.474000e+01 4.256253e-03
4.476000e+01 3.803880e-03
4.478000e+01 2.333826e-03
4.480000e+01 1.881452e-03
4.482000e+01 1.768305e-03
4.484000e+01 1.542081e-03
4.486000e+01 1.542009e-03
4.488000e+01 1.428860e-03
4.490000e+01 1.849550e-04
4.492000e+01 -9.458750e-04
4.494000e+01 -2.076705e-03
4.496000e+01 -2.642158e-03
4.498000e+01 -3.094536e-03
4.500000e+01 -3.546914e-03
4.502000e+01 -3.999293e-03
4.504000e+01 -5.243201e-03
4.506000e+01 -6.939412e-03
4.508000e+01 -8.522547e-03
4.510000e+01 -1.021876e-02
4.512000e+01 -1.191497e-02
4.514000e+01 -1.361118e-02
4.516000e+01 -1.542047e-02
4.518000e+01 -1.598593e-02
4.520000e+01 -1.338527e-02
4.522000e+01 -1.146307e-02
4.524000e+01 -8.636258e-03
4.526000e+01 -7.392507e-03
4.528000e+01 -6.940287e-03
4.530000e+01 -6.374991e-03
4.532000e+01 -6.148922e-03
4.534000e+01 -5.809779e-03
4.536000e+01 -5.470635e-03
4.538000e+01 -5.244568e-03
4.540000e+01 -4.905426e-03
4.542000e+01 -4.566283e-03
4.544000e+01 -4.227142e-03
4.546000e+01 -3.322623e-03
4.548000e+01 -2.757331e-03
4.550000e+01 -1.061283e-03
4.552000e+01 1.313217e-03
4.554000e+01 3.687717e-03
4.556000e+01 5.383764e-03
4.558000e+01 5.609827e-03
4.560000e+01 6.288192e-03
4.562000e+01 6.401178e-03
4.564000e+01 7.305694e-03
4.566000e+01 9.680191e-03
4.568000e+01 1.160239e-02
4.570000e+01 9.680009e-03
4.572000e+01 8.209936e-03
4.574000e+01 6.174484e-03
4.576000e+01 3.912879e-03
4.578000e+01 3.347409e-03
4.580000e+01 3.460391e-03
4.582000e+01 3.347222e-03
4.584000e+01 3.234053e-03
4.586000e+01 1.537825e-03
4.588000e+01 6.774700e-05
4.590000e+01 -9.500286e-04
4.592000e+01 -1.063200e-03
4.594000e+01 -1.628674e-03
4.596000e+01 -1.515695e-03
4.598000e+01 -3.325001e-03
4.600000e+01 -7.508896e-03
4.602000e+01 -1.101434e-02
4.604000e+01 -1.135366e-02
4.606000e+01 -1.169299e-02
4.608000e+01 -1.180616e-02
4.610000e+01 -1.101473e-02
4.612000e+01 -9.884076e-03
4.614000e+01 -8.753420e-03
4.616000e+01 -8.188143e-03
4.618000e+01 -7.962093e-03
4.620000e+01 -7.509893e-03
4.622000e+01 -7.396919e-03
4.624000e+01 -6.944719e-03
4.626000e+01 -4.344083e-03
4.628000e+01 -1.291145e-03
4.630000e+01 1.648717e-03
4.632000e+01 5.040881e-03
4.634000e+01 8.206892e-03
4.636000e+01 1.137290e-02
4.638000e+01 9.902816e-03
4.640000e+01 7.301971e-03
4.642000e+01 4.814202e-03
4.644000e+01 1.647978e-03
4.646000e+01 -1.405170e-03
4.648000e+01 -3.779866e-03
4.650000e+01 -4.006125e-03
4.652000e+01 -4.797763e-03
4.654000e+01 -5.024023e-03
4.656000e+01 -5.363359e-03
4.658000e+01 -5.589620e-03
4.660000e+01 -5.928957e-03
4.662000e+01 -6.155219e-03
4.664000e+01 -6.381482e-03
4.666000e+01 -5.024686e-03
4.668000e+01 -3.102513e-03
4.670000e+01 -1.293416e-03
4.672000e+01 9.679835e-04
4.674000e+01 2.098626e-03
4.676000e+01 2.324664e-03
4.678000e+01 3.003003e-03
4.680000e+01 3.002889e-03
4.682000e+01 4.133530e-03
4.684000e+01 5.829548e-03
4.686000e+01 7.412491e-03
4.688000e+01 9.221584e-03
4.690000e+01 1.080453e-02
4.692000e+01 1.114363e-02
4.694000e+01 1.170889e-02
4.696000e+01 1.204800e-02
4.698000e+01 1.238711e-02
4.700000e+01 1.261315e-02
4.702000e+01 1.193457e-02
4.704000e+01 1.136907e-02
4.706000e+01 1.069050e-02
4.708000e+01 9.898851e-03
4.710000e+01 9.107200e-03
4.712000e+01 8.315549e-03
4.714000e+01 7.297747e-03
4.716000e+01 6.393020e-03
4.718000e+01 5.375216e-03
4.720000e+01 4.470488e-03
4.722000e+01 3.678836e-03
4.724000e+01 3.226409e-03
4.726000e+01 2.547831e-03
4.728000e+01 2.095404e-03
4.730000e+01 1.529900e-03
4.732000e+01 9.643963e-04
4.734000e+01 5.119677e-04
4.736000e+01 1.077219e-03
4.738000e+01 1.642470e-03
4.740000e+01 2.320796e-03
4.742000e+01 2.659895e-03
4.744000e+01 1.189783e-03
4.746000e+01 -1.672527e-04
4.748000e+01 -1.750440e-03
4.750000e+01 -3.333628e-03
4.752000e+01 -5.142968e-03
4.754000e+01 -5.821553e-03
4.756000e+01 -5.256306e-03
4.758000e+01 -4.691059e-03
4.760000e+01 -4.125813e-03
4.762000e+01 -2.655962e-03
4.764000e+01 -8.468855e-04
4.766000e+01 9.621909e-04
4.768000e+01 2.092813e-03
4.770000e+01 2.658057e-03
4.772000e+01 4.127906e-03
4.774000e+01 7.067736e-03
4.776000e+01 9.555264e-03
4.778000e+01 1.283432e-02
4.780000e+01 1.226881e-02
4.782000e+01 1.000716e-02
4.784000e+01 8.197811e-03
4.786000e+01 5.483859e-03
4.788000e+01 3.222209e-03
4.790000e+01 6.213320e-04
4.792000e+01 -1.640319e-03
4.794000e+01 -2.545063e-03
4.796000e+01 -3.562883e-03
4.798000e+01 -5.033006e-03
4.800000e+01 -7.633885e-03
4.802000e+01 -9.330160e-03
4.804000e+01 -9.782604e-03
4.806000e+01 -1.034812e-02
4.808000e+01 -1.057442e-02
4.810000e+01 -1.080071e-02
4.812000e+01 -1.102700e-02
4.814000e+01 -1.125330e-02
4.816000e+01 -1.136652e-02
4.818000e+01 -1.091436e-02
4.820000e+01 -1.057528e-02
4.822000e+01 -1.001005e-02
4.824000e+01 -9.670966e-03
4.826000e+01 -9.897263e-03
4.828000e+01 -1.012356e-02
4.830000e+01 -1.034986e-02
4.832000e+01 -1.068923e-02
4.834000e+01 -1.080246e-02
4.836000e+01 -9.784926e-03
4.838000e+01 -8.993545e-03
4.840000e+01 -7.862938e-03
4.842000e+01 -7.523861e-03
4.844000e+01 -7.524011e-03
4.846000e+01 -7.411086e-03
4.848000e+01 -7.411237e-03
4.850000e+01 -7.298312e-03
4.852000e+01 -7.298464e-03
4.854000e+01 -7.072465e-03
4.856000e+01 -6.168013e-03
4.858000e+01 -5.489713e-03
4.860000e+01 -4.698337e-03
4.862000e+01 -3.680811e-03
4.864000e+01 -2.437133e-03
4.866000e+01 -1.306532e-03
4.868000e+01 -6.285569e-05
4.870000e+01 1.293896e-03
4.872000e+01 2.085269e-03
4.874000e+01 1.180508e-03
4.876000e+01 5.018970e-04
4.878000e+01 -4.028652e-04
4.880000e+01 -1.420703e-03
4.882000e+01 -6.293325e-04
4.884000e+01 8.404916e-04
4.886000e+01 1.971089e-03
4.888000e+01 1.631702e-03
4.890000e+01 1.518467e-03
4.892000e+01 1.066004e-03
4.894000e+01 7.266160e-04
4.896000e+01 1.610767e-04
4.898000e+01 3.870662e-04
4.900000e+01 1.178433e-03
4.902000e+01 1.743649e-03
4.904000e+01 2.535015e-03
4.906000e+01 2.647927e-03
4.908000e+01 1.290856e-03
4.910000e+01 1.599355e-04
4.912000e+01 -1.197136e-03
4.914000e+01 -2.554209e-03
4.916000e+01 -2.554375e-03
4.918000e+01 -1.989162e-03
4.920000e+01 -1.650102e-03
4.922000e+01 -1.876420e-03
4.924000e+01 -2.328890e-03
4.926000e+01 -2.894436e-03
4.928000e+01 -3.233831e-03
4.930000e+01 -2.781697e-03
4.932000e+01 -2.329564e-03
4.934000e+01 -2.329733e-03
4.936000e+01 -3.460659e-03
4.938000e+01 -4.478510e-03
4.940000e+01 -5.609437e-03
4.942000e+01 -5.044230e-03
4.944000e+01 -4.705175e-03
4.946000e+01 -4.139969e-03
4.948000e+01 -3.461688e-03
4.950000e+01 -2.783407e-03
4.952000e+01 -2.105127e-03
4.954000e+01 -1.992225e-03
4.956000e+01 -1.879324e-03
4.958000e+01 -1.540272e-03
4.960000e+01 1.625670e-03
4.962000e+01 4.791611e-03
4.964000e+01 7.731400e-03
4.966000e+01 8.070451e-03
4.968000e+01 8.748728e-03
4.970000e+01 8.974702e-03
4.972000e+01 9.200675e-03
4.974000e+01 9.313573e-03
4.976000e+01 9.652620e-03
4.978000e+01 8.973988e-03
4.980000e+01 7.051523e-03
4.982000e+01 5.581361e-03
4.984000e+01 3.658895e-03
4.986000e+01 3.432563e-03
4.988000e+01 3.545458e-03
4.990000e+01 3.771427e-03
4.992000e+01 4.110472e-03
4.994000e+01 4.336441e-03
4.996000e+01 2.866275e-03
4.998000e+01 9.438064e-04
5.000000e+01 -7.525114e-04
5.002000e+01 -3.014208e-03
5.004000e+01 -3.805921e-03
5.006000e+01 -2.336124e-03
5.008000e+01 -1.318629e-03
5.010000e+01 2.642437e-04
5.012000e+01 4.902085e-04
5.014000e+01 2.638705e-04
5.016000e+01 3.753203e-05
5.018000e+01 -4.149580e-04
5.020000e+01 -7.543730e-04
5.022000e+01 -1.093788e-03
5.024000e+01 -1.546280e-03
5.026000e+01 -1.207242e-03
5.028000e+01 -7.551297e-04
5.030000e+01 -3.030176e-04
5.032000e+01 2.621698e-04
5.034000e+01 7.142810e-04
5.036000e+01 1.053316e-03
5.038000e+01 1.053124e-03
5.040000e+01 1.166007e-03
5.042000e+01 1.278890e-03
5.044000e+01 2.635604e-03
5.046000e+01 3.879242e-03
5.048000e+01 5.349030e-03
5.050000e+01 6.818819e-03
5.052000e+01 8.288606e-03
5.054000e+01 9.079940e-03
5.056000e+01 7.157459e-03
5.058000e+01 5.800356e-03
5.060000e+01 3.764798e-03
5.062000e+01 1.955391e-03
5.064000e+01 -3.063182e-04
5.066000e+01 1.457861e-04
5.068000e+01 3.537856e-03
5.070000e+01 6.025320e-03
5.072000e+01 9.982766e-03
5.074000e+01 9.417189e-03
5.076000e+01 3.650133e-03
5.078000e+01 -8.156246e-05
5.080000e+01 -6.866299e-03
5.082000e+01 -3.021931e-03
5.084000e+01 6.702369e-03
5.086000e+01 1.484361e-02
5.088000e+01 2.513329e-02
5.090000e+01 2.106236e-02
5.092000e+01 1.077228e-02
5.094000e+01 1.043285e-02
5.096000e+01 8.849584e-03
5.098000e+01 1.031936e-02
5.100000e+01 1.951563e-03
5.102000e+01 -9.356203e-03
5.104000e+01 -2.247318e-02
5.106000e+01 -1.659346e-02
5.108000e+01 -6.500020e-04
5.110000e+01 1.224041e-02
5.112000e+01 1.133560e-02
5.114000e+01 5.568532e-03
5.116000e+01 4.799212e-04
5.118000e+01 -7.661732e-03
5.120000e+01 -1.195881e-02
5.122000e+01 -1.556069e-03
5.124000e+01 7.942071e-03
5.126000e+01 1.574408e-02
5.128000e+01 7.715497e-03
5.130000e+01 2.400732e-03
5.132000e+01 4.096654e-03
5.134000e+01 1.031560e-02
5.136000e+01 9.863084e-03
5.138000e+01 6.018299e-03
5.140000e+01 2.851969e-03
5.142000e+01 1.947150e-03
5.144000e+01 1.607708e-03
5.146000e+01 -1.106322e-03
5.148000e+01 -3.707277e-03
5.150000e+01 -7.438987e-03
5.152000e+01 -5.969222e-03
5.154000e+01 -2.124868e-03
5.156000e+01 1.719485e-03
5.158000e+01 5.563837e-03
5.160000e+01 1.110432e-02
5.162000e+01 6.694156e-03
5.164000e+01 -5.292077e-03
5.166000e+01 -1.332066e-02
5.168000e+01 -1.060707e-02
5.170000e+01 -6.649644e-03
5.172000e+01 -2.579144e-03
5.174000e+01 3.752869e-03
5.176000e+01 4.431100e-03
5.178000e+01 1.717064e-03
5.180000e+01 2.070701e-05
5.182000e+01 -6.579697e-04
5.184000e+01 8.117895e-04
5.186000e+01 1.263868e-03
5.188000e+01 2.846702e-03
5.190000e+01 1.602645e-03
5.192000e+01 5.847398e-04
5.194000e+01 -7.723932e-04
5.196000e+01 -2.921056e-03
5.198000e+01 -6.087399e-03
5.200000e+01 -9.366818e-03
5.202000e+01 -1.038473e-02
5.204000e+01 -6.766535e-03
5.206000e+01 -3.939873e-03
5.208000e+01 -9.553172e-05
5.210000e+01 3.861885e-03
5.212000e+01 4.313958e-03
5.214000e+01 -1.453128e-03
5.216000e+01 -4.958702e-03
5.218000e+01 -1.151732e-02
5.220000e+01 -8.577583e-03
5.222000e+01 -2.471733e-03
5.224000e+01 3.634117e-03
5.226000e+01 4.764641e-03
5.228000e+01 3.068274e-03
5.230000e+01 1.598057e-03
5.232000e+01 1.823975e-03
5.234000e+01 7.025218e-03
5.236000e+01 8.381891e-03
5.238000e+01 8.494731e-03
5.240000e+01 8.720646e-03
5.242000e+01 8.381184e-03
5.244000e+01 8.154796e-03
5.246000e+01 6.571500e-03
5.248000e+01 4.422826e-03
5.250000e+01 2.500303e-03
5.252000e+01 -1.006736e-04
5.254000e+01 -3.606256e-03
5.256000e+01 -7.111839e-03
5.258000e+01 -7.564381e-03
5.260000e+01 -5.642335e-03
5.262000e+01 -5.981803e-03
5.264000e+01 -5.982044e-03
5.266000e+01 -6.321511e-03
5.268000e+01 -3.607939e-03
5.270000e+01 1.233138e-04
5.272000e+01 3.854566e-03
5.274000e+01 8.038120e-03
5.276000e+01 1.097784e-02
5.278000e+01 9.733767e-03
5.280000e+01 9.168145e-03
5.282000e+01 7.810993e-03
5.284000e+01 8.602277e-03
5.286000e+01 8.828182e-03
5.288000e+01 9.732541e-03
5.290000e+01 7.018480e-03
5.292000e+01 4.304419e-03
5.294000e+01 9.119035e-04
5.296000e+01 7.050925e-06
5.298000e+01 5.721807e-04
5.300000e+01 6.850077e-04
5.302000e+01 -1.011375e-03
5.304000e+01 -3.160061e-03
5.306000e+01 -5.082596e-03
5.308000e+01 -7.683586e-03
5.310000e+01 -7.231534e-03
5.312000e+01 -4.857198e-03
5.314000e+01 -3.048240e-03
5.316000e+01 -6.739042e-04
5.318000e+01 -2.483366e-03
5.320000e+01 -3.614375e-03
5.322000e+01 -5.649989e-03
5.324000e+01 -6.667924e-03
5.326000e+01 -6.215875e-03
5.328000e+01 -5.989979e-03
5.330000e+01 -5.537932e-03
5.332000e+01 -7.347397e-03
5.334000e+01 -1.017454e-02
5.336000e+01 -1.277554e-02
5.338000e+01 -1.571576e-02
5.340000e+01 -1.548987e-02
5.342000e+01 -1.571628e-02
5.344000e+01 -1.356810e-02
5.346000e+01 -1.074147e-02
5.348000e+01 -8.254062e-03
5.350000e+01 -5.088204e-03
5.352000e+01 -3.731557e-03
5.354000e+01 -4.636422e-03
5.356000e+01 -4.975910e-03
5.358000e+01 -6.106927e-03
5.360000e+01 -7.011794e-03
5.362000e+01 -8.029736e-03
5.364000e+01 -8.934603e-03
5.366000e+01 -8.143337e-03
5.368000e+01 -5.769012e-03
5.370000e+01 -4.073142e-03
5.372000e+01 -2.829575e-03
5.374000e+01 -1.472932e-03
