# time(s) acc(g) matched FFT
0.000000e+00 4.084385e-04
2.000000e-02 3.101935e-04
4.000000e-02 2.118890e-04
6.000000e-02 1.943721e-04
8.000000e-02 2.276594e-04
1.000000e-01 3.508846e-04
1.200000e-01 4.949075e-04
1.400000e-01 6.755580e-04
1.600000e-01 8.207665e-04
1.800000e-01 9.632553e-04
2.000000e-01 1.057242e-03
2.200000e-01 1.160616e-03
2.400000e-01 1.239235e-03
2.600000e-01 1.345889e-03
2.800000e-01 1.425312e-03
3.000000e-01 1.504490e-03
3.200000e-01 1.507994e-03
3.400000e-01 1.461033e-03
3.600000e-01 1.306666e-03
3.800000e-01 1.106892e-03
4.000000e-01 8.454442e-04
4.200000e-01 6.160502e-04
4.400000e-01 4.092475e-04
4.600000e-01 2.976800e-04
4.800000e-01 2.245423e-04
5.000000e-01 2.061166e-04
5.200000e-01 1.364995e-04
5.400000e-01 1.156890e-05
5.600000e-01 -2.594555e-04
5.800000e-01 -6.283243e-04
6.000000e-01 -1.113926e-03
6.200000e-01 -1.594963e-03
6.400000e-01 -2.043187e-03
6.600000e-01 -2.328248e-03
6.800000e-01 -2.458814e-03
7.000000e-01 -2.372507e-03
7.200000e-01 -2.160081e-03
7.400000e-01 -1.825413e-03
7.600000e-01 -1.494020e-03
7.800000e-01 -1.159379e-03
8.000000e-01 -9.027485e-04
8.200000e-01 -6.528488e-04
8.400000e-01 -4.357599e-04
8.600000e-01 -1.502860e-04
8.800000e-01 1.659220e-04
9.000000e-01 5.719230e-04
9.200000e-01 9.694930e-04
9.400000e-01 1.370596e-03
9.600000e-01 1.659400e-03
9.800000e-01 1.877722e-03
1.000000e+00 1.973931e-03
1.020000e+00 2.073818e-03
1.040000e+00 2.190637e-03
1.060000e+00 2.474383e-03
1.080000e+00 2.896892e-03
1.100000e+00 3.512936e-03
1.120000e+00 4.160872e-03
1.140000e+00 4.771518e-03
1.160000e+00 5.100823e-03
1.180000e+00 5.078828e-03
1.200000e+00 4.541427e-03
1.220000e+00 3.573161e-03
1.240000e+00 2.190750e-03
1.260000e+00 6.490440e-04
1.280000e+00 -9.300735e-04
1.300000e+00 -2.265987e-03
1.320000e+00 -3.303456e-03
1.340000e+00 -3.885584e-03
1.360000e+00 -4.112187e-03
1.380000e+00 -3.958900e-03
1.400000e+00 -3.619089e-03
1.420000e+00 -3.098358e-03
1.440000e+00 -2.580136e-03
1.460000e+00 -2.028456e-03
1.480000e+00 -1.593594e-03
1.500000e+00 -1.215241e-03
1.520000e+00 -1.043672e-03
1.540000e+00 -1.011489e-03
1.560000e+00 -1.248986e-03
1.580000e+00 -1.622790e-03
1.600000e+00 -2.168716e-03
1.620000e+00 -2.636471e-03
1.640000e+00 -2.979361e-03
1.660000e+00 -2.922920e-03
1.680000e+00 -2.502338e-03
1.700000e+00 -1.613909e-03
1.720000e+00 -5.238819e-04
1.740000e+00 6.620549e-04
1.760000e+00 1.552579e-03
1.780000e+00 2.078981e-03
1.800000e+00 2.044330e-03
1.820000e+00 1.709990e-03
1.840000e+00 1.229666e-03
1.860000e+00 1.113153e-03
1.880000e+00 1.584377e-03
1.900000e+00 2.987059e-03
1.920000e+00 5.178936e-03
1.940000e+00 8.023425e-03
1.960000e+00 1.102260e-02
1.980000e+00 1.386932e-02
2.000000e+00 1.629251e-02
2.020000e+00 1.836749e-02
2.040000e+00 2.052516e-02
2.060000e+00 2.309599e-02
2.080000e+00 2.655988e-02
2.100000e+00 3.065496e-02
2.120000e+00 3.542472e-02
2.140000e+00 3.586519e-02
2.160000e+00 3.368533e-02
2.180000e+00 3.897327e-03
2.200000e+00 -1.856874e-02
2.220000e+00 -2.602266e-02
2.240000e+00 -4.392965e-02
2.260000e+00 -4.377150e-02
2.280000e+00 -4.294983e-02
2.300000e+00 -2.922525e-02
2.320000e+00 -1.561127e-02
2.340000e+00 4.982440e-03
2.360000e+00 2.396995e-02
2.380000e+00 3.737013e-02
2.400000e+00 6.095019e-02
2.420000e+00 -7.886503e-03
2.440000e+00 -2.114398e-01
2.460000e+00 -1.626070e-01
2.480000e+00 -1.810183e-01
2.500000e+00 -1.196223e-01
2.520000e+00 -6.664014e-02
2.540000e+00 2.623721e-02
2.560000e+00 -4.410764e-02
2.580000e+00 -1.754446e-01
2.600000e+00 -1.555672e-01
2.620000e+00 -1.807552e-01
2.640000e+00 -1.748792e-01
2.660000e+00 -1.545569e-01
2.680000e+00 -1.233453e-01
2.700000e+00 -7.990855e-02
2.720000e+00 -3.540185e-02
2.740000e+00 7.042273e-03
2.760000e+00 3.546082e-02
2.780000e+00 5.003437e-02
2.800000e+00 -5.532272e-03
2.820000e+00 -7.250208e-02
2.840000e+00 -1.424877e-01
2.860000e+00 -1.661568e-01
2.880000e+00 -1.316805e-01
2.900000e+00 -9.210262e-02
2.920000e+00 -2.297429e-02
2.940000e+00 4.485873e-02
2.960000e+00 1.130797e-01
2.980000e+00 1.594606e-01
3.000000e+00 1.893544e-01
3.020000e+00 8.715408e-02
3.040000e+00 3.101549e-02
3.060000e+00 4.202446e-02
3.080000e+00 2.717873e-02
3.100000e+00 5.431432e-02
3.120000e+00 7.860239e-02
3.140000e+00 1.198245e-01
3.160000e+00 1.530527e-01
3.180000e+00 1.792548e-01
3.200000e+00 4.245611e-02
3.220000e+00 3.016023e-02
3.240000e+00 6.197042e-02
3.260000e+00 4.657923e-02
3.280000e+00 1.083123e-01
3.300000e+00 1.110055e-01
3.320000e+00 1.959730e-01
3.340000e+00 -1.287237e-01
3.360000e+00 -1.611847e-01
3.380000e+00 -8.545725e-02
3.400000e+00 -6.975606e-02
3.420000e+00 -5.697014e-03
3.440000e+00 5.481598e-02
3.460000e+00 -1.471287e-01
3.480000e+00 -1.932881e-01
3.500000e+00 -1.371177e-01
3.520000e+00 -1.339305e-01
3.540000e+00 -7.477752e-02
3.560000e+00 -4.261255e-02
3.580000e+00 -2.735140e-03
3.600000e+00 -1.666290e-03
3.620000e+00 -7.978359e-02
3.640000e+00 -5.943650e-02
3.660000e+00 -7.683900e-02
3.680000e+00 -5.980888e-02
3.700000e+00 -4.442735e-02
3.720000e+00 -3.552990e-03
3.740000e+00 3.162412e-02
3.760000e+00 5.820893e-02
3.780000e+00 2.383043e-02
3.800000e+00 -1.537126e-03
3.820000e+00 -2.558873e-02
3.840000e+00 1.056874e-02
3.860000e+00 3.062819e-02
3.880000e+00 8.311821e-02
3.900000e+00 1.326299e-01
3.920000e+00 2.001313e-01
3.940000e+00 2.535176e-01
3.960000e+00 2.968540e-01
3.980000e+00 1.489189e-01
4.000000e+00 9.061983e-02
4.020000e+00 9.153016e-02
4.040000e+00 6.435882e-02
4.060000e+00 -2.868152e-03
4.080000e+00 -3.242803e-02
4.100000e+00 -5.224595e-03
4.120000e+00 7.935903e-03
4.140000e+00 5.555562e-02
4.160000e+00 8.712770e-02
4.180000e+00 1.332096e-01
4.200000e+00 1.542764e-01
4.220000e+00 1.841444e-01
4.240000e+00 1.924409e-01
4.260000e+00 2.176876e-01
4.280000e+00 2.011926e-01
4.300000e+00 2.170623e-01
4.320000e+00 2.015400e-01
4.340000e+00 1.539924e-01
4.360000e+00 -1.176218e-01
4.380000e+00 -4.400429e-02
4.400000e+00 -4.060153e-02
4.420000e+00 -5.590561e-02
4.440000e+00 -1.760730e-01
4.460000e+00 -2.614013e-01
4.480000e+00 -3.661352e-01
4.500000e+00 -3.157230e-01
4.520000e+00 -2.785611e-01
4.540000e+00 -1.933510e-01
4.560000e+00 -1.253953e-01
4.580000e+00 -3.196424e-02
4.600000e+00 3.042340e-02
4.620000e+00 1.006838e-01
4.640000e+00 1.418257e-01
4.660000e+00 1.804716e-01
4.680000e+00 -4.554151e-02
4.700000e+00 -5.892361e-02
4.720000e+00 4.785619e-03
4.740000e+00 4.837406e-02
4.760000e+00 1.385356e-01
4.780000e+00 2.156981e-01
4.800000e+00 2.808156e-01
4.820000e+00 3.534509e-01
4.840000e+00 2.557321e-01
4.860000e+00 -1.091293e-01
4.880000e+00 -8.588366e-02
4.900000e+00 -1.087623e-01
4.920000e+00 -9.138285e-02
4.940000e+00 -3.305241e-02
4.960000e+00 -1.062949e-01
4.980000e+00 -1.855812e-01
5.000000e+00 -1.178612e-01
5.020000e+00 -1.207281e-01
5.040000e+00 -8.345801e-02
5.060000e+00 -7.245260e-02
5.080000e+00 -5.019886e-02
5.100000e+00 -3.354110e-02
5.120000e+00 -4.765940e-02
5.140000e+00 -1.266364e-01
5.160000e+00 -1.323714e-01
5.180000e+00 -1.322204e-01
5.200000e+00 -1.435005e-01
5.220000e+00 -1.119871e-01
5.240000e+00 -1.157365e-01
5.260000e+00 -6.763573e-02
5.280000e+00 -1.811390e-01
5.300000e+00 -2.762259e-01
5.320000e+00 -1.777440e-01
5.340000e+00 -1.638002e-01
5.360000e+00 -6.879801e-02
5.380000e+00 -8.558202e-03
5.400000e+00 6.666877e-02
5.420000e+00 1.150743e-01
5.440000e+00 1.368562e-01
5.460000e+00 7.859526e-02
5.480000e+00 2.970305e-02
5.500000e+00 -8.695671e-03
5.520000e+00 2.142390e-02
5.540000e+00 4.471859e-02
5.560000e+00 9.537772e-02
5.580000e+00 1.391843e-01
5.600000e+00 1.851789e-01
5.620000e+00 2.158364e-01
5.640000e+00 2.309350e-01
5.660000e+00 1.427256e-01
5.680000e+00 3.988357e-02
5.700000e+00 -3.728340e-02
5.720000e+00 -4.690193e-02
5.740000e+00 -4.839556e-02
5.760000e+00 -3.105172e-02
5.780000e+00 -4.382471e-02
5.800000e+00 -5.747008e-02
5.820000e+00 -3.965035e-02
5.840000e+00 -8.317127e-03
5.860000e+00 3.670522e-03
5.880000e+00 2.314914e-02
5.900000e+00 5.654036e-02
5.920000e+00 8.807091e-02
5.940000e+00 1.357439e-01
5.960000e+00 1.805551e-01
5.980000e+00 2.171278e-01
6.000000e+00 1.819279e-01
6.020000e+00 1.386561e-01
6.040000e+00 6.971259e-02
6.060000e+00 6.921245e-02
6.080000e+00 5.344901e-02
6.100000e+00 2.951454e-02
6.120000e+00 -4.674087e-02
6.140000e+00 -6.260390e-02
6.160000e+00 -6.542785e-02
6.180000e+00 -5.856024e-02
6.200000e+00 -4.456907e-02
6.220000e+00 -3.083438e-02
6.240000e+00 -7.272976e-02
6.260000e+00 -9.186937e-02
6.280000e+00 -9.626820e-02
6.300000e+00 -6.939736e-02
6.320000e+00 -4.154712e-02
6.340000e+00 -1.723445e-02
6.360000e+00 -2.462517e-03
6.380000e+00 3.241264e-02
6.400000e+00 5.052372e-02
6.420000e+00 5.969803e-02
6.440000e+00 4.921989e-02
6.460000e+00 5.772735e-03
6.480000e+00 -5.984134e-02
6.500000e+00 -1.078558e-01
6.520000e+00 -1.164793e-01
6.540000e+00 -1.277781e-01
6.560000e+00 -1.196904e-01
6.580000e+00 -9.651371e-02
6.600000e+00 -5.949421e-02
6.620000e+00 -4.430929e-03
6.640000e+00 -1.370136e-02
6.660000e+00 1.209103e-02
6.680000e+00 3.551450e-02
6.700000e+00 4.431333e-02
6.720000e+00 5.823942e-02
6.740000e+00 7.802556e-02
6.760000e+00 1.056920e-01
6.780000e+00 1.311194e-01
6.800000e+00 1.571510e-01
6.820000e+00 1.699098e-01
6.840000e+00 1.925877e-01
6.860000e+00 1.736345e-01
6.880000e+00 6.736480e-02
6.900000e+00 -2.233744e-02
6.920000e+00 -4.396567e-02
6.940000e+00 -5.899937e-02
6.960000e+00 -4.944090e-02
6.980000e+00 -5.883718e-02
7.000000e+00 -7.791713e-02
7.020000e+00 -8.644566e-02
7.040000e+00 -6.443723e-02
7.060000e+00 -2.308865e-02
7.080000e+00 6.665847e-03
7.100000e+00 3.830445e-02
7.120000e+00 5.993918e-02
7.140000e+00 7.599420e-02
7.160000e+00 4.354762e-02
7.180000e+00 1.298026e-02
7.200000e+00 2.012928e-03
7.220000e+00 5.701119e-03
7.240000e+00 -2.904423e-02
7.260000e+00 -4.561440e-02
7.280000e+00 -6.619462e-02
7.300000e+00 -7.816984e-02
7.320000e+00 -8.754029e-02
7.340000e+00 -7.565219e-02
7.360000e+00 -7.158231e-02
7.380000e+00 -6.651910e-02
7.400000e+00 -5.047107e-02
7.420000e+00 1.723132e-03
7.440000e+00 4.795252e-02
7.460000e+00 6.723263e-02
7.480000e+00 3.299155e-02
7.500000e+00 1.732712e-02
7.520000e+00 -5.261143e-03
7.540000e+00 -8.847659e-03
7.560000e+00 -4.566106e-04
7.580000e+00 1.527310e-02
7.600000e+00 4.782642e-02
7.620000e+00 8.005440e-02
7.640000e+00 1.117355e-01
7.660000e+00 1.242696e-01
7.680000e+00 1.109166e-01
7.700000e+00 1.036622e-01
7.720000e+00 1.104213e-01
7.740000e+00 1.238867e-01
7.760000e+00 7.044961e-02
7.780000e+00 7.374766e-02
7.800000e+00 3.702289e-02
7.820000e+00 6.256270e-03
7.840000e+00 2.563930e-04
7.860000e+00 -1.839880e-02
7.880000e+00 -2.734277e-02
7.900000e+00 -4.138578e-02
7.920000e+00 -4.779028e-02
7.940000e+00 -5.516867e-02
7.960000e+00 -1.246482e-02
7.980000e+00 2.031035e-02
8.000000e+00 -1.620822e-02
8.020000e+00 -3.675357e-02
8.040000e+00 -3.501785e-02
8.060000e+00 -1.182935e-02
8.080000e+00 -2.214693e-02
8.100000e+00 -1.911375e-02
8.120000e+00 -3.489881e-02
8.140000e+00 -4.162602e-02
8.160000e+00 -5.605443e-02
8.180000e+00 -6.515729e-02
8.200000e+00 -8.366447e-02
8.220000e+00 -8.550192e-02
8.240000e+00 -8.524176e-02
8.260000e+00 -7.785296e-02
8.280000e+00 -7.156104e-02
8.300000e+00 -5.677922e-02
8.320000e+00 -5.878018e-02
8.340000e+00 -4.674594e-02
8.360000e+00 -3.526165e-02
8.380000e+00 -6.973845e-03
8.400000e+00 1.422562e-02
8.420000e+00 5.006278e-02
8.440000e+00 5.399502e-02
8.460000e+00 8.540853e-02
8.480000e+00 8.124902e-02
8.500000e+00 1.061796e-01
8.520000e+00 -4.928151e-02
8.540000e+00 -1.191055e-01
8.560000e+00 -1.344984e-01
8.580000e+00 -1.436042e-01
8.600000e+00 -1.306240e-01
8.620000e+00 -1.098085e-01
8.640000e+00 -8.273190e-02
8.660000e+00 -5.593253e-02
8.680000e+00 -3.172195e-02
8.700000e+00 -9.307269e-03
8.720000e+00 8.970692e-03
8.740000e+00 5.243790e-03
8.760000e+00 -6.085790e-03
8.780000e+00 4.798762e-03
8.800000e+00 3.878189e-02
8.820000e+00 6.170868e-02
8.840000e+00 5.925257e-02
8.860000e+00 9.393440e-02
8.880000e+00 1.306162e-01
8.900000e+00 1.597467e-01
8.920000e+00 1.834780e-01
8.940000e+00 2.241693e-01
8.960000e+00 1.347025e-01
8.980000e+00 -1.351779e-01
9.000000e+00 -7.485227e-02
9.020000e+00 -1.005148e-01
9.040000e+00 -9.414082e-02
9.060000e+00 -1.855204e-01
9.080000e+00 -1.591167e-01
9.100000e+00 -1.500125e-01
9.120000e+00 -1.515529e-01
9.140000e+00 -1.193496e-01
9.160000e+00 -3.756948e-02
9.180000e+00 3.856145e-02
9.200000e+00 1.427778e-01
9.220000e+00 2.340688e-01
9.240000e+00 1.606594e-01
9.260000e+00 9.741275e-02
9.280000e+00 1.063045e-01
9.300000e+00 1.834025e-02
9.320000e+00 -4.316471e-02
9.340000e+00 -1.203416e-01
9.360000e+00 -1.781251e-01
9.380000e+00 -2.195761e-01
9.400000e+00 -2.129228e-01
9.420000e+00 -1.503991e-01
9.440000e+00 -7.424360e-02
9.460000e+00 2.950899e-03
9.480000e+00 8.533905e-02
9.500000e+00 1.771168e-01
9.520000e+00 2.330910e-01
9.540000e+00 2.435545e-02
9.560000e+00 5.419523e-02
9.580000e+00 4.164036e-02
9.600000e+00 4.415531e-02
9.620000e+00 5.666461e-02
9.640000e+00 9.484977e-02
9.660000e+00 1.204067e-01
9.680000e+00 -3.431545e-03
9.700000e+00 -5.563180e-02
9.720000e+00 -2.076297e-02
9.740000e+00 -2.767805e-02
9.760000e+00 -1.590283e-02
9.780000e+00 1.308032e-03
9.800000e+00 4.385531e-02
9.820000e+00 7.952836e-02
9.840000e+00 1.104230e-01
9.860000e+00 1.245258e-01
9.880000e+00 9.796904e-02
9.900000e+00 5.865585e-02
9.920000e+00 1.119940e-02
9.940000e+00 3.751398e-03
9.960000e+00 -6.058577e-02
9.980000e+00 -6.436480e-02
1.000000e+01 -1.540427e-02
1.002000e+01 3.043766e-02
1.004000e+01 9.140035e-02
1.006000e+01 5.303303e-02
1.008000e+01 3.748406e-02
1.010000e+01 4.090590e-02
1.012000e+01 -1.602716e-03
1.014000e+01 -4.654977e-02
1.016000e+01 -9.542888e-02
1.018000e+01 -1.066849e-01
1.020000e+01 -1.091488e-01
1.022000e+01 -8.973166e-02
1.024000e+01 -4.499656e-02
1.026000e+01 7.508897e-03
1.028000e+01 5.563523e-02
1.030000e+01 9.391436e-02
1.032000e+01 3.939188e-02
1.034000e+01 -2.971234e-02
1.036000e+01 -1.179191e-01
1.038000e+01 -1.178956e-01
1.040000e+01 -1.145584e-01
1.042000e+01 -1.708424e-01
1.044000e+01 -1.513055e-01
1.046000e+01 -6.044427e-02
1.048000e+01 1.642572e-02
1.050000e+01 1.109226e-01
1.052000e+01 1.625816e-01
1.054000e+01 2.077915e-01
1.056000e+01 1.850569e-01
1.058000e+01 1.349392e-01
1.060000e+01 8.638512e-02
1.062000e+01 3.619320e-02
1.064000e+01 -1.064437e-02
1.066000e+01 -2.605571e-02
1.068000e+01 -6.219422e-02
1.070000e+01 -9.126955e-02
1.072000e+01 -1.188516e-01
1.074000e+01 -1.288916e-01
1.076000e+01 -1.000972e-01
1.078000e+01 -7.645014e-02
1.080000e+01 -3.780161e-02
1.082000e+01 -2.043650e-02
1.084000e+01 -2.355008e-02
1.086000e+01 -4.605209e-03
1.088000e+01 -1.060631e-02
1.090000e+01 -2.295644e-02
1.092000e+01 2.149430e-02
1.094000e+01 4.499345e-02
1.096000e+01 7.380389e-02
1.098000e+01 9.526750e-02
1.100000e+01 8.771838e-02
1.102000e+01 3.073312e-02
1.104000e+01 -1.842364e-02
1.106000e+01 -7.401589e-02
1.108000e+01 -7.127520e-02
1.110000e+01 -6.351494e-02
1.112000e+01 -4.904921e-02
1.114000e+01 -3.123212e-02
1.116000e+01 -5.688126e-03
1.118000e+01 -1.608691e-02
1.120000e+01 -6.207813e-02
1.122000e+01 -6.766365e-02
1.124000e+01 -7.762484e-02
1.126000e+01 -5.070230e-02
1.128000e+01 -2.348413e-02
1.130000e+01 1.844723e-03
1.132000e+01 1.564221e-02
1.134000e+01 1.963960e-02
1.136000e+01 5.778337e-04
1.138000e+01 -6.003914e-02
1.140000e+01 -1.073870e-01
1.142000e+01 -1.699671e-01
1.144000e+01 -2.187745e-01
1.146000e+01 -2.015546e-01
1.148000e+01 -1.866960e-01
1.150000e+01 -1.457745e-01
1.152000e+01 -1.084647e-01
1.154000e+01 -6.007562e-02
1.156000e+01 -1.836688e-02
1.158000e+01 3.043719e-02
1.160000e+01 6.353467e-02
1.162000e+01 9.572315e-02
1.164000e+01 1.137311e-01
1.166000e+01 1.305726e-01
1.168000e+01 1.464818e-01
1.170000e+01 1.671779e-01
1.172000e+01 1.799946e-01
1.174000e+01 1.999502e-01
1.176000e+01 2.160148e-01
1.178000e+01 2.342762e-01
1.180000e+01 2.614136e-01
1.182000e+01 2.770991e-01
1.184000e+01 2.826935e-01
1.186000e+01 1.675032e-01
1.188000e+01 4.602648e-02
1.190000e+01 -4.438715e-02
1.192000e+01 -1.246013e-01
1.194000e+01 -1.178601e-01
1.196000e+01 -1.314059e-01
1.198000e+01 -1.488661e-01
1.200000e+01 -1.625154e-01
1.202000e+01 -1.354571e-01
1.204000e+01 -1.123793e-01
1.206000e+01 -9.634066e-02
1.208000e+01 -9.075469e-02
1.210000e+01 -1.183953e-01
1.212000e+01 -1.514179e-01
1.214000e+01 -1.746558e-01
1.216000e+01 -1.918374e-01
1.218000e+01 -1.922276e-01
1.220000e+01 -1.796153e-01
1.222000e+01 -1.529694e-01
1.224000e+01 -8.180882e-02
1.226000e+01 1.997741e-02
1.228000e+01 6.200156e-02
1.230000e+01 7.965013e-02
1.232000e+01 1.129375e-01
1.234000e+01 6.891094e-02
1.236000e+01 3.442290e-02
1.238000e+01 3.976289e-02
1.240000e+01 3.098374e-02
1.242000e+01 1.811690e-02
1.244000e+01 2.683295e-03
1.246000e+01 4.147892e-03
1.248000e+01 2.755144e-02
1.250000e+01 8.946929e-02
1.252000e+01 9.388746e-02
1.254000e+01 1.046865e-01
1.256000e+01 1.244223e-01
1.258000e+01 1.004882e-01
1.260000e+01 7.074146e-02
1.262000e+01 5.696417e-02
1.264000e+01 1.479643e-02
1.266000e+01 1.133582e-02
1.268000e+01 4.938246e-03
1.270000e+01 7.994677e-03
1.272000e+01 -6.198066e-03
1.274000e+01 -3.511568e-02
1.276000e+01 -6.663452e-02
1.278000e+01 -6.720547e-02
1.280000e+01 -5.507085e-02
1.282000e+01 -3.716068e-02
1.284000e+01 -1.487181e-02
1.286000e+01 -9.667120e-03
1.288000e+01 4.645868e-03
1.290000e+01 1.485888e-02
1.292000e+01 3.304340e-02
1.294000e+01 2.461983e-02
1.296000e+01 5.014143e-02
1.298000e+01 8.173824e-02
1.300000e+01 1.148082e-01
1.302000e+01 1.452885e-01
1.304000e+01 1.598108e-01
1.306000e+01 1.603165e-01
1.308000e+01 1.704565e-01
1.310000e+01 1.430328e-01
1.312000e+01 1.225806e-01
1.314000e+01 1.510103e-02
1.316000e+01 -6.062219e-02
1.318000e+01 -1.105599e-01
1.320000e+01 -1.574856e-01
1.322000e+01 -1.684038e-01
1.324000e+01 -1.565201e-01
1.326000e+01 -1.132505e-01
1.328000e+01 -8.146392e-02
1.330000e+01 -7.376916e-03
1.332000e+01 5.854847e-02
1.334000e+01 3.354579e-03
1.336000e+01 -9.568472e-03
1.338000e+01 2.381641e-02
1.340000e+01 3.963667e-02
1.342000e+01 6.858518e-02
1.344000e+01 1.659221e-02
1.346000e+01 -6.038790e-02
1.348000e+01 -6.490263e-02
1.350000e+01 8.485671e-03
1.352000e+01 2.687311e-02
1.354000e+01 5.222043e-02
1.356000e+01 1.817747e-02
1.358000e+01 -1.517941e-02
1.360000e+01 -5.124863e-02
1.362000e+01 -6.694217e-02
1.364000e+01 -8.976568e-02
1.366000e+01 -8.196460e-02
1.368000e+01 -5.936554e-02
1.370000e+01 -3.219669e-02
1.372000e+01 1.262941e-02
1.374000e+01 6.712369e-02
1.376000e+01 9.570122e-02
1.378000e+01 1.793174e-01
1.380000e+01 1.691170e-01
1.382000e+01 7.439960e-02
1.384000e+01 -1.184915e-02
1.386000e+01 -1.068825e-01
1.388000e+01 -1.076460e-01
1.390000e+01 -1.095601e-01
1.392000e+01 -8.743791e-02
1.394000e+01 -5.239590e-02
1.396000e+01 -1.684079e-02
1.398000e+01 1.552694e-02
1.400000e+01 3.299140e-02
1.402000e+01 7.095232e-02
1.404000e+01 -5.002545e-03
1.406000e+01 -7.745935e-02
1.408000e+01 -8.657227e-02
1.410000e+01 -1.397362e-01
1.412000e+01 -1.280154e-01
1.414000e+01 -1.032835e-01
1.416000e+01 -3.357315e-02
1.418000e+01 5.752850e-02
1.420000e+01 1.102043e-01
1.422000e+01 1.878190e-01
1.424000e+01 2.153970e-01
1.426000e+01 1.981253e-01
1.428000e+01 1.379015e-01
1.430000e+01 6.095460e-02
1.432000e+01 -7.115329e-06
1.434000e+01 -3.784909e-02
1.436000e+01 -2.393893e-02
1.438000e+01 -2.119120e-02
1.440000e+01 1.565962e-02
1.442000e+01 4.588176e-03
1.444000e+01 -2.949377e-02
1.446000e+01 -3.442031e-02
1.448000e+01 -4.145283e-02
1.450000e+01 -1.805061e-02
1.452000e+01 -1.568800e-02
1.454000e+01 -2.804780e-02
1.456000e+01 -3.882967e-02
1.458000e+01 -4.394238e-02
1.460000e+01 -6.159242e-02
1.462000e+01 -7.380497e-02
1.464000e+01 -4.584394e-02
1.466000e+01 4.049741e-03
1.468000e+01 2.437708e-02
1.470000e+01 5.980587e-02
1.472000e+01 7.111865e-02
1.474000e+01 7.974312e-02
1.476000e+01 8.719545e-02
1.478000e+01 1.089542e-01
1.480000e+01 6.071851e-02
1.482000e+01 -2.162571e-02
1.484000e+01 -3.902227e-02
1.486000e+01 -2.057457e-02
1.488000e+01 -2.342516e-02
1.490000e+01 -3.705920e-03
1.492000e+01 -2.810536e-03
1.494000e+01 -3.736275e-02
1.496000e+01 -6.537102e-02
1.498000e+01 -8.418571e-02
1.500000e+01 -4.972911e-02
1.502000e+01 -5.564885e-03
1.504000e+01 3.277627e-02
1.506000e+01 7.839172e-02
1.508000e+01 6.446180e-02
1.510000e+01 3.376056e-02
1.512000e+01 -9.159327e-03
1.514000e+01 -3.205443e-02
1.516000e+01 -4.191122e-02
1.518000e+01 -3.666634e-02
1.520000e+01 -2.372972e-02
1.522000e+01 -9.884119e-05
1.524000e+01 2.375741e-02
1.526000e+01 -5.314194e-03
1.528000e+01 -3.060403e-02
1.530000e+01 -6.537333e-02
1.532000e+01 -6.345882e-02
1.534000e+01 -5.064696e-02
1.536000e+01 -3.423188e-02
1.538000e+01 -6.091466e-03
1.540000e+01 -2.115886e-02
1.542000e+01 1.171760e-02
1.544000e+01 6.198399e-02
1.546000e+01 1.050103e-01
1.548000e+01 1.495530e-01
1.550000e+01 1.523543e-01
1.552000e+01 1.421944e-01
1.554000e+01 1.241195e-01
1.556000e+01 1.242739e-01
1.558000e+01 1.214798e-01
1.560000e+01 1.024264e-01
1.562000e+01 2.679089e-02
1.564000e+01 -2.876160e-02
1.566000e+01 -8.017749e-02
1.568000e+01 -1.065555e-01
1.570000e+01 -8.210419e-02
1.572000e+01 -7.168276e-02
1.574000e+01 -5.499947e-02
1.576000e+01 -4.302899e-02
1.578000e+01 -7.105563e-02
1.580000e+01 -9.541113e-02
1.582000e+01 -1.074064e-01
1.584000e+01 -8.073205e-02
1.586000e+01 -5.777207e-02
1.588000e+01 -2.754214e-02
1.590000e+01 -2.267417e-03
1.592000e+01 -6.367636e-03
1.594000e+01 -1.585859e-02
1.596000e+01 -1.866509e-02
1.598000e+01 -3.412268e-02
1.600000e+01 -2.988271e-02
1.602000e+01 9.374677e-03
1.604000e+01 3.565547e-02
1.606000e+01 6.973971e-02
1.608000e+01 8.877122e-02
1.610000e+01 1.008199e-01
1.612000e+01 8.756294e-02
1.614000e+01 4.839327e-02
1.616000e+01 -1.120013e-02
1.618000e+01 -9.993023e-02
1.620000e+01 -8.687777e-02
1.622000e+01 -6.503735e-02
1.624000e+01 -3.257742e-02
1.626000e+01 7.594581e-03
1.628000e+01 5.617969e-02
1.630000e+01 6.325996e-02
1.632000e+01 5.189967e-02
1.634000e+01 8.219760e-02
1.636000e+01 7.890268e-02
1.638000e+01 6.906419e-02
1.640000e+01 5.588795e-02
1.642000e+01 4.728310e-02
1.644000e+01 3.334155e-02
1.646000e+01 5.824911e-03
1.648000e+01 -2.578300e-02
1.650000e+01 -5.914915e-02
1.652000e+01 -7.047016e-02
1.654000e+01 -5.571095e-02
1.656000e+01 -4.780509e-02
1.658000e+01 -2.405208e-02
1.660000e+01 -5.030377e-02
1.662000e+01 -5.921388e-02
1.664000e+01 -5.366941e-02
1.666000e+01 -5.678800e-02
1.668000e+01 -3.579092e-02
1.670000e+01 -2.954227e-02
1.672000e+01 -2.700778e-02
1.674000e+01 -2.581662e-02
1.676000e+01 -1.025786e-02
1.678000e+01 -3.284437e-03
1.680000e+01 -1.337730e-02
1.682000e+01 5.925693e-03
1.684000e+01 3.972500e-02
1.686000e+01 7.672106e-02
1.688000e+01 1.156397e-01
1.690000e+01 1.324398e-01
1.692000e+01 1.088795e-01
1.694000e+01 7.850278e-02
1.696000e+01 2.881877e-02
1.698000e+01 -2.323481e-02
1.700000e+01 -5.104237e-02
1.702000e+01 -7.097804e-02
1.704000e+01 -5.651691e-02
1.706000e+01 -3.055746e-02
1.708000e+01 -3.806563e-03
1.710000e+01 2.308371e-02
1.712000e+01 3.997250e-02
1.714000e+01 2.150405e-02
1.716000e+01 2.305991e-03
1.718000e+01 -2.198670e-02
1.720000e+01 -4.342929e-02
1.722000e+01 -5.794877e-02
1.724000e+01 -3.324928e-02
1.726000e+01 -5.353562e-03
1.728000e+01 2.406622e-02
1.730000e+01 5.077653e-02
1.732000e+01 6.424938e-02
1.734000e+01 3.480747e-02
1.736000e+01 -1.536747e-03
1.738000e+01 -4.294697e-02
1.740000e+01 -6.240453e-02
1.742000e+01 -8.006640e-02
1.744000e+01 -9.440539e-02
1.746000e+01 -1.147939e-01
1.748000e+01 -1.205007e-01
1.750000e+01 -1.084706e-01
1.752000e+01 -8.808208e-02
1.754000e+01 -6.264903e-02
1.756000e+01 -3.567674e-02
1.758000e+01 -1.624339e-02
1.760000e+01 9.259000e-03
1.762000e+01 2.601240e-02
1.764000e+01 9.226472e-02
1.766000e+01 1.132254e-01
1.768000e+01 1.201598e-01
1.770000e+01 9.588932e-02
1.772000e+01 7.701366e-02
1.774000e+01 2.583868e-02
1.776000e+01 -2.662897e-02
1.778000e+01 -3.830270e-02
1.780000e+01 -5.281020e-02
1.782000e+01 -3.174352e-02
1.784000e+01 -1.671121e-02
1.786000e+01 2.533946e-03
1.788000e+01 7.901025e-03
1.790000e+01 1.895659e-02
1.792000e+01 1.406199e-02
1.794000e+01 -8.724770e-03
1.796000e+01 -3.211536e-02
1.798000e+01 -3.590289e-02
1.800000e+01 -1.487986e-02
1.802000e+01 5.014755e-03
1.804000e+01 3.133678e-02
1.806000e+01 3.969303e-02
1.808000e+01 4.416157e-02
1.810000e+01 5.523389e-02
1.812000e+01 7.605969e-02
1.814000e+01 8.348486e-02
1.816000e+01 5.541511e-02
1.818000e+01 4.849147e-03
1.820000e+01 -4.176379e-02
1.822000e+01 -5.922917e-02
1.824000e+01 -4.237406e-02
1.826000e+01 -3.301030e-02
1.828000e+01 -1.384075e-02
1.830000e+01 5.215513e-03
1.832000e+01 2.280203e-02
1.834000e+01 3.324389e-02
1.836000e+01 3.788053e-02
1.838000e+01 3.584439e-02
1.840000e+01 2.798662e-02
1.842000e+01 2.006888e-02
1.844000e+01 1.366464e-02
1.846000e+01 1.384739e-02
1.848000e+01 1.936479e-02
1.850000e+01 3.114871e-02
1.852000e+01 4.982305e-02
1.854000e+01 5.033766e-02
1.856000e+01 3.769737e-02
1.858000e+01 2.452095e-02
1.860000e+01 -4.184104e-03
1.862000e+01 -2.003494e-02
1.864000e+01 -1.526267e-02
1.866000e+01 -3.275314e-02
1.868000e+01 -7.716525e-02
1.870000e+01 -1.192578e-01
1.872000e+01 -1.268451e-01
1.874000e+01 -1.134737e-01
1.876000e+01 -7.846597e-02
1.878000e+01 -1.832779e-02
1.880000e+01 4.139292e-02
1.882000e+01 6.177908e-02
1.884000e+01 3.984381e-02
1.886000e+01 3.877175e-02
1.888000e+01 2.451949e-02
1.890000e+01 -4.507656e-03
1.892000e+01 -4.952721e-02
1.894000e+01 -8.251929e-02
1.896000e+01 -6.520571e-02
1.898000e+01 -4.061596e-02
1.900000e+01 -2.694028e-02
1.902000e+01 1.255850e-03
1.904000e+01 3.245817e-02
1.906000e+01 7.100533e-02
1.908000e+01 9.990514e-02
1.910000e+01 1.167318e-01
1.912000e+01 8.314983e-02
1.914000e+01 2.813836e-02
1.916000e+01 -2.429383e-02
1.918000e+01 -5.169286e-02
1.920000e+01 -7.585483e-02
1.922000e+01 -8.683534e-02
1.924000e+01 -8.361201e-02
1.926000e+01 -4.860075e-02
1.928000e+01 4.134301e-03
1.930000e+01 6.388970e-02
1.932000e+01 1.216333e-01
1.934000e+01 1.416842e-01
1.936000e+01 1.228986e-01
1.938000e+01 9.655055e-02
1.940000e+01 4.468751e-02
1.942000e+01 -2.423293e-03
1.944000e+01 -5.219748e-02
1.946000e+01 -8.178340e-02
1.948000e+01 -7.645052e-02
1.950000e+01 -5.981892e-02
1.952000e+01 -3.217036e-02
1.954000e+01 1.343150e-03
1.956000e+01 -9.459822e-03
1.958000e+01 -3.495461e-02
1.960000e+01 -4.900464e-02
1.962000e+01 -6.115047e-02
1.964000e+01 -7.537194e-02
1.966000e+01 -7.950988e-02
1.968000e+01 -7.533072e-02
1.970000e+01 -6.878037e-02
1.972000e+01 -5.615180e-02
1.974000e+01 -4.928452e-02
1.976000e+01 -3.259356e-02
1.978000e+01 -9.105749e-03
1.980000e+01 1.078227e-03
1.982000e+01 1.352185e-02
1.984000e+01 3.080687e-02
1.986000e+01 3.882649e-02
1.988000e+01 3.662425e-02
1.990000e+01 1.279204e-02
1.992000e+01 -1.250253e-02
1.994000e+01 -3.979418e-02
1.996000e+01 -4.558824e-02
1.998000e+01 -2.060846e-02
2.000000e+01 1.247556e-02
2.002000e+01 6.362983e-02
2.004000e+01 9.424088e-02
2.006000e+01 1.263176e-01
2.008000e+01 1.459054e-01
2.010000e+01 1.474845e-01
2.012000e+01 1.314595e-01
2.014000e+01 9.432831e-02
2.016000e+01 3.522404e-02
2.018000e+01 -2.108839e-02
2.020000e+01 -6.020450e-02
2.022000e+01 -9.142632e-02
2.024000e+01 -9.152370e-02
2.026000e+01 -8.272685e-02
2.028000e+01 -4.963923e-02
2.030000e+01 -1.196448e-03
2.032000e+01 5.082681e-02
2.034000e+01 8.290757e-02
2.036000e+01 9.873042e-02
2.038000e+01 6.388891e-02
2.040000e+01 1.555861e-02
2.042000e+01 -3.437264e-02
2.044000e+01 -8.335402e-02
2.046000e+01 -1.241641e-01
2.048000e+01 -1.414774e-01
2.050000e+01 -9.626969e-02
2.052000e+01 -4.709938e-02
2.054000e+01 1.825604e-02
2.056000e+01 7.820952e-02
2.058000e+01 1.230002e-01
2.060000e+01 1.255980e-01
2.062000e+01 1.086317e-01
2.064000e+01 6.850010e-02
2.066000e+01 2.166808e-02
2.068000e+01 -3.012672e-02
2.070000e+01 -7.365372e-02
2.072000e+01 -1.043389e-01
2.074000e+01 -1.294017e-01
2.076000e+01 -1.147967e-01
2.078000e+01 -7.484367e-02
2.080000e+01 -3.174779e-02
2.082000e+01 3.348821e-02
2.084000e+01 6.510657e-02
2.086000e+01 9.730121e-02
2.088000e+01 9.270810e-02
2.090000e+01 5.484198e-02
2.092000e+01 3.500829e-02
2.094000e+01 1.551355e-02
2.096000e+01 -4.627283e-03
2.098000e+01 -3.629274e-02
2.100000e+01 -6.025265e-02
2.102000e+01 -4.617713e-02
2.104000e+01 -1.445601e-02
2.106000e+01 1.946240e-02
2.108000e+01 6.159846e-02
2.110000e+01 9.423228e-02
2.112000e+01 1.227947e-01
2.114000e+01 1.218260e-01
2.116000e+01 8.896806e-02
2.118000e+01 5.624128e-02
2.120000e+01 1.287685e-02
2.122000e+01 -2.746174e-02
2.124000e+01 -5.604818e-02
2.126000e+01 -7.724661e-02
2.128000e+01 -8.878840e-02
2.130000e+01 -9.195629e-02
2.132000e+01 -7.563001e-02
2.134000e+01 -5.105428e-02
2.136000e+01 -3.228729e-02
2.138000e+01 -1.568134e-02
2.140000e+01 -1.563576e-02
2.142000e+01 -1.744350e-02
2.144000e+01 -1.997433e-02
2.146000e+01 -1.690202e-02
2.148000e+01 -1.189687e-02
2.150000e+01 -8.313466e-04
2.152000e+01 -2.729445e-03
2.154000e+01 -3.534902e-03
2.156000e+01 -8.202364e-03
2.158000e+01 -1.997745e-02
2.160000e+01 -3.357782e-02
2.162000e+01 -3.932732e-02
2.164000e+01 -4.836077e-02
2.166000e+01 -6.641646e-02
2.168000e+01 -8.498801e-02
2.170000e+01 -9.521280e-02
2.172000e+01 -9.755085e-02
2.174000e+01 -9.245907e-02
2.176000e+01 -6.507938e-02
2.178000e+01 -3.440760e-02
2.180000e+01 2.893248e-02
2.182000e+01 6.700740e-02
2.184000e+01 8.531910e-02
2.186000e+01 1.064279e-01
2.188000e+01 8.798854e-02
2.190000e+01 6.323302e-02
2.192000e+01 3.863790e-02
2.194000e+01 2.636883e-02
2.196000e+01 1.034269e-02
2.198000e+01 5.628139e-03
2.200000e+01 -3.709437e-02
2.202000e+01 -6.382453e-02
2.204000e+01 -7.921212e-02
2.206000e+01 -6.559790e-02
2.208000e+01 -1.846884e-02
2.210000e+01 2.190985e-02
2.212000e+01 6.873141e-02
2.214000e+01 1.073286e-01
2.216000e+01 1.317183e-01
2.218000e+01 1.143808e-01
2.220000e+01 9.013104e-02
2.222000e+01 5.506453e-02
2.224000e+01 1.591258e-02
2.226000e+01 -1.511147e-02
2.228000e+01 -2.741473e-02
2.230000e+01 -3.209623e-02
2.232000e+01 -2.419199e-02
2.234000e+01 -9.924062e-03
2.236000e+01 -1.850506e-03
2.238000e+01 6.431864e-03
2.240000e+01 8.705852e-03
2.242000e+01 3.042429e-03
2.244000e+01 -3.948264e-03
2.246000e+01 -9.955607e-03
2.248000e+01 -2.451249e-02
2.250000e+01 -4.323347e-02
2.252000e+01 -5.946564e-02
2.254000e+01 -7.668515e-02
2.256000e+01 -8.611684e-02
2.258000e+01 -9.891770e-02
2.260000e+01 -5.173875e-02
2.262000e+01 -1.815639e-02
2.264000e+01 -1.887028e-03
2.266000e+01 2.427829e-02
2.268000e+01 4.082023e-02
2.270000e+01 4.694120e-02
2.272000e+01 3.393831e-02
2.274000e+01 3.844567e-02
2.276000e+01 3.920243e-02
2.278000e+01 4.002448e-02
2.280000e+01 3.619806e-02
2.282000e+01 2.182859e-02
2.284000e+01 -3.477489e-03
2.286000e+01 -2.997747e-02
2.288000e+01 -4.669586e-02
2.290000e+01 -3.281193e-02
2.292000e+01 -1.884737e-02
2.294000e+01 -3.331694e-04
2.296000e+01 1.944024e-02
2.298000e+01 2.708401e-02
2.300000e+01 2.457014e-02
2.302000e+01 1.273688e-02
2.304000e+01 1.032124e-03
2.306000e+01 -8.030668e-03
2.308000e+01 -8.992032e-03
2.310000e+01 6.835084e-03
2.312000e+01 2.393606e-02
2.314000e+01 2.264623e-02
2.316000e+01 2.244320e-02
2.318000e+01 2.525242e-02
2.320000e+01 1.674865e-02
2.322000e+01 5.670939e-03
2.324000e+01 -1.260224e-02
2.326000e+01 -2.898216e-02
2.328000e+01 -4.917361e-02
2.330000e+01 -6.859511e-02
2.332000e+01 -7.438580e-02
2.334000e+01 -7.833631e-02
2.336000e+01 -5.660536e-02
2.338000e+01 -2.078781e-02
2.340000e+01 4.393420e-03
2.342000e+01 2.392259e-02
2.344000e+01 3.171014e-02
2.346000e+01 2.402669e-02
2.348000e+01 2.337760e-03
2.350000e+01 -1.054712e-02
2.352000e+01 -3.084271e-02
2.354000e+01 -4.628361e-02
2.356000e+01 -5.786018e-02
2.358000e+01 -4.950891e-02
2.360000e+01 -7.683596e-03
2.362000e+01 2.008888e-02
2.364000e+01 1.902716e-02
2.366000e+01 -7.537176e-03
2.368000e+01 -2.972181e-02
2.370000e+01 -5.555741e-02
2.372000e+01 -3.872289e-02
2.374000e+01 -1.925437e-02
2.376000e+01 1.013341e-02
2.378000e+01 4.115758e-02
2.380000e+01 7.629498e-02
2.382000e+01 8.904967e-02
2.384000e+01 6.735626e-02
2.386000e+01 5.236672e-02
2.388000e+01 2.305066e-02
2.390000e+01 2.785863e-02
2.392000e+01 6.007315e-02
2.394000e+01 8.346360e-02
2.396000e+01 1.195356e-01
2.398000e+01 1.148548e-01
2.400000e+01 7.537432e-02
2.402000e+01 2.742642e-02
2.404000e+01 -3.645403e-02
2.406000e+01 -1.040579e-01
2.408000e+01 -1.605440e-01
2.410000e+01 -2.033286e-01
2.412000e+01 -1.839020e-01
2.414000e+01 -1.212719e-01
2.416000e+01 -5.287625e-02
2.418000e+01 3.364340e-02
2.420000e+01 1.043575e-01
2.422000e+01 1.617926e-01
2.424000e+01 1.495054e-01
2.426000e+01 8.764104e-02
2.428000e+01 2.724947e-02
2.430000e+01 -4.895678e-02
2.432000e+01 -1.138240e-01
2.434000e+01 -1.587650e-01
2.436000e+01 -1.095733e-01
2.438000e+01 -6.703312e-02
2.440000e+01 -1.034406e-02
2.442000e+01 3.890437e-02
2.444000e+01 7.055747e-02
2.446000e+01 3.791524e-02
2.448000e+01 6.629998e-03
2.450000e+01 -3.279209e-02
2.452000e+01 -3.432556e-02
2.454000e+01 -2.618536e-02
2.456000e+01 -2.769519e-04
2.458000e+01 2.737997e-02
2.460000e+01 4.010961e-02
2.462000e+01 6.448926e-02
2.464000e+01 8.315832e-02
2.466000e+01 9.254786e-02
2.468000e+01 8.938552e-02
2.470000e+01 7.244253e-02
2.472000e+01 3.527427e-02
2.474000e+01 1.128397e-02
2.476000e+01 4.296288e-04
2.478000e+01 2.356562e-03
2.480000e+01 8.106224e-03
2.482000e+01 9.357503e-03
2.484000e+01 -7.217848e-03
2.486000e+01 -3.461773e-02
2.488000e+01 -5.512930e-02
2.490000e+01 -7.512312e-02
2.492000e+01 -9.286009e-02
2.494000e+01 -6.554701e-02
2.496000e+01 -2.485044e-02
2.498000e+01 1.773719e-02
2.500000e+01 4.985236e-02
2.502000e+01 6.302193e-02
2.504000e+01 4.434115e-02
2.506000e+01 2.395209e-02
2.508000e+01 4.112939e-03
2.510000e+01 2.308413e-02
2.512000e+01 4.680013e-02
2.514000e+01 5.750000e-02
2.516000e+01 3.848925e-02
2.518000e+01 3.268272e-02
2.520000e+01 1.845178e-02
2.522000e+01 1.427254e-02
2.524000e+01 -8.457588e-03
2.526000e+01 -5.365659e-02
2.528000e+01 -8.705044e-02
2.530000e+01 -1.128678e-01
2.532000e+01 -1.254555e-01
2.534000e+01 -1.488586e-01
2.536000e+01 -1.130650e-01
2.538000e+01 -3.641096e-02
2.540000e+01 3.232594e-02
2.542000e+01 8.786177e-02
2.544000e+01 1.208133e-01
2.546000e+01 1.158296e-01
2.548000e+01 7.916104e-02
2.550000e+01 4.959632e-02
2.552000e+01 4.333539e-02
2.554000e+01 5.136681e-02
2.556000e+01 6.709047e-02
2.558000e+01 9.350871e-02
2.560000e+01 1.155215e-01
2.562000e+01 1.301391e-01
2.564000e+01 1.237480e-01
2.566000e+01 9.996912e-02
2.568000e+01 1.920055e-02
2.570000e+01 -6.156427e-02
2.572000e+01 -1.428288e-01
2.574000e+01 -1.933562e-01
2.576000e+01 -1.217070e-01
2.578000e+01 -5.018921e-02
2.580000e+01 4.309960e-02
2.582000e+01 1.292397e-01
2.584000e+01 1.710341e-01
2.586000e+01 1.419572e-01
2.588000e+01 9.845735e-02
2.590000e+01 3.932371e-02
2.592000e+01 -2.930050e-02
2.594000e+01 -4.609764e-02
2.596000e+01 -1.938147e-02
2.598000e+01 6.256919e-03
2.600000e+01 6.943398e-02
2.602000e+01 1.286388e-01
2.604000e+01 1.539034e-01
2.606000e+01 1.579238e-01
2.608000e+01 1.321991e-01
2.610000e+01 1.015034e-01
2.612000e+01 5.746786e-02
2.614000e+01 2.513506e-02
2.616000e+01 -2.577568e-02
2.618000e+01 -7.966310e-02
2.620000e+01 -1.216056e-01
2.622000e+01 -1.646406e-01
2.624000e+01 -1.889952e-01
2.626000e+01 -1.653771e-01
2.628000e+01 -1.526429e-01
2.630000e+01 -1.204364e-01
2.632000e+01 -8.470561e-02
2.634000e+01 -5.253483e-02
2.636000e+01 -3.906681e-02
2.638000e+01 -2.354107e-02
2.640000e+01 -8.908702e-03
2.642000e+01 8.462929e-04
2.644000e+01 -6.189132e-03
2.646000e+01 -1.803445e-02
2.648000e+01 -3.379807e-02
2.650000e+01 -4.581666e-02
2.652000e+01 -5.392996e-02
2.654000e+01 -6.380831e-02
2.656000e+01 -6.534073e-02
2.658000e+01 -5.238249e-02
2.660000e+01 -2.688889e-02
2.662000e+01 3.295089e-04
2.664000e+01 3.150048e-02
2.666000e+01 6.182626e-02
2.668000e+01 8.390456e-02
2.670000e+01 1.017086e-01
2.672000e+01 1.171264e-01
2.674000e+01 1.179579e-01
2.676000e+01 1.109283e-01
2.678000e+01 9.869571e-02
2.680000e+01 8.137168e-02
2.682000e+01 6.926241e-02
2.684000e+01 5.780742e-02
2.686000e+01 3.706409e-02
2.688000e+01 8.282263e-03
2.690000e+01 -3.136054e-02
2.692000e+01 -5.735857e-02
2.694000e+01 -5.318456e-02
2.696000e+01 -5.099542e-02
2.698000e+01 -3.684630e-02
2.700000e+01 -2.393895e-02
2.702000e+01 -8.141364e-03
2.704000e+01 -5.336153e-03
2.706000e+01 -1.307672e-02
2.708000e+01 -1.627890e-02
2.710000e+01 -2.915469e-02
2.712000e+01 -2.611464e-02
2.714000e+01 -2.182119e-02
2.716000e+01 -1.346559e-02
2.718000e+01 -1.319877e-02
2.720000e+01 -6.059519e-03
2.722000e+01 3.504647e-03
2.724000e+01 8.011519e-03
2.726000e+01 1.390618e-02
2.728000e+01 1.801635e-02
2.730000e+01 1.428365e-02
2.732000e+01 -8.396007e-03
2.734000e+01 -3.542147e-02
2.736000e+01 -6.045076e-02
2.738000e+01 -7.718496e-02
2.740000e+01 -1.024032e-01
2.742000e+01 -1.063612e-01
2.744000e+01 -9.823516e-02
2.746000e+01 -8.217928e-02
2.748000e+01 -5.963077e-02
2.750000e+01 -3.692889e-02
2.752000e+01 -2.471318e-02
2.754000e+01 -1.634931e-02
2.756000e+01 3.877861e-03
2.758000e+01 1.542007e-02
2.760000e+01 2.627911e-02
2.762000e+01 2.283325e-02
2.764000e+01 8.383619e-03
2.766000e+01 -1.473955e-02
2.768000e+01 -3.560492e-02
2.770000e+01 -4.404704e-02
2.772000e+01 -4.835194e-02
2.774000e+01 -3.761061e-02
2.776000e+01 -1.782505e-02
2.778000e+01 1.751379e-02
2.780000e+01 5.707806e-02
2.782000e+01 8.732444e-02
2.784000e+01 1.011103e-01
2.786000e+01 9.244406e-02
2.788000e+01 6.185777e-02
2.790000e+01 1.421151e-02
2.792000e+01 -3.284895e-02
2.794000e+01 -6.572574e-02
2.796000e+01 -9.165455e-02
2.798000e+01 -8.697778e-02
2.800000e+01 -5.967705e-02
2.802000e+01 -2.830580e-02
2.804000e+01 7.584485e-03
2.806000e+01 3.805606e-02
2.808000e+01 6.213207e-02
2.810000e+01 7.325660e-02
2.812000e+01 7.347929e-02
2.814000e+01 5.361042e-02
2.816000e+01 2.391125e-02
2.818000e+01 -4.764312e-03
2.820000e+01 -3.069755e-02
2.822000e+01 -4.833420e-02
2.824000e+01 -3.301691e-02
2.826000e+01 -1.650739e-02
2.828000e+01 5.564994e-04
2.830000e+01 1.423666e-02
2.832000e+01 2.349897e-02
2.834000e+01 7.434258e-03
2.836000e+01 -1.569020e-02
2.838000e+01 -2.788270e-02
2.840000e+01 -4.112858e-02
2.842000e+01 -4.330635e-02
2.844000e+01 -3.816027e-02
2.846000e+01 -2.827981e-02
2.848000e+01 -1.645660e-02
2.850000e+01 -7.206810e-03
2.852000e+01 -3.038798e-03
2.854000e+01 6.527212e-03
2.856000e+01 1.850805e-02
2.858000e+01 2.644395e-02
2.860000e+01 1.816043e-02
2.862000e+01 -5.881129e-03
2.864000e+01 -2.699742e-02
2.866000e+01 -5.574524e-02
2.868000e+01 -6.425231e-02
2.870000e+01 -5.488865e-02
2.872000e+01 -4.167823e-02
2.874000e+01 -1.315500e-02
2.876000e+01 2.305296e-02
2.878000e+01 6.066503e-02
2.880000e+01 8.987454e-02
2.882000e+01 1.048926e-01
2.884000e+01 1.064561e-01
2.886000e+01 9.411221e-02
2.888000e+01 6.204061e-02
2.890000e+01 3.484470e-02
2.892000e+01 6.978756e-03
2.894000e+01 -1.783980e-02
2.896000e+01 -3.457536e-02
2.898000e+01 -4.091043e-02
2.900000e+01 -3.232598e-02
2.902000e+01 -1.739445e-02
2.904000e+01 -2.723741e-03
2.906000e+01 8.885149e-03
2.908000e+01 4.832123e-03
2.910000e+01 -6.852531e-03
2.912000e+01 -2.450214e-02
2.914000e+01 -4.596655e-02
2.916000e+01 -5.833134e-02
2.918000e+01 -5.794887e-02
2.920000e+01 -5.140646e-02
2.922000e+01 -1.956031e-02
2.924000e+01 -3.686100e-03
2.926000e+01 1.520763e-02
2.928000e+01 2.517480e-02
2.930000e+01 1.856874e-02
2.932000e+01 8.825683e-03
2.934000e+01 -5.645699e-03
2.936000e+01 -1.018740e-02
2.938000e+01 -1.368651e-02
2.940000e+01 -1.359123e-02
2.942000e+01 -2.439853e-02
2.944000e+01 -2.857047e-02
2.946000e+01 -3.191290e-02
2.948000e+01 -2.271124e-02
2.950000e+01 -9.087834e-04
2.952000e+01 1.596299e-02
2.954000e+01 3.502692e-02
2.956000e+01 3.955077e-02
2.958000e+01 3.443873e-02
2.960000e+01 2.655273e-02
2.962000e+01 1.261654e-02
2.964000e+01 1.842944e-04
2.966000e+01 -9.282850e-03
2.968000e+01 -1.658580e-02
2.970000e+01 -2.084361e-02
2.972000e+01 -2.290642e-02
2.974000e+01 -1.904983e-02
2.976000e+01 2.382566e-03
2.978000e+01 2.536669e-02
2.980000e+01 4.314759e-02
2.982000e+01 5.787587e-02
2.984000e+01 6.565097e-02
2.986000e+01 5.892853e-02
2.988000e+01 4.325911e-02
2.990000e+01 2.577210e-02
2.992000e+01 7.948860e-03
2.994000e+01 5.072746e-04
2.996000e+01 -6.239832e-04
2.998000e+01 3.427030e-04
3.000000e+01 4.884577e-03
3.002000e+01 1.102191e-02
3.004000e+01 1.263954e-02
3.006000e+01 3.573124e-03
3.008000e+01 -4.843201e-03
3.010000e+01 -2.007154e-02
3.012000e+01 -4.543571e-02
3.014000e+01 -7.525836e-02
3.016000e+01 -9.567595e-02
3.018000e+01 -1.081390e-01
3.020000e+01 -9.610514e-02
3.022000e+01 -7.293843e-02
3.024000e+01 -4.298460e-02
3.026000e+01 -4.164341e-03
3.028000e+01 2.808868e-02
3.030000e+01 4.484134e-02
3.032000e+01 4.682094e-02
3.034000e+01 4.129424e-02
3.036000e+01 3.054741e-02
3.038000e+01 2.343084e-02
3.040000e+01 1.984119e-02
3.042000e+01 1.211613e-02
3.044000e+01 1.714857e-03
3.046000e+01 -3.058322e-03
3.048000e+01 -9.195354e-03
3.050000e+01 -1.290663e-02
3.052000e+01 -1.384529e-02
3.054000e+01 -8.841321e-03
3.056000e+01 -1.128096e-02
3.058000e+01 -5.742475e-03
3.060000e+01 -1.590949e-03
3.062000e+01 1.056558e-06
3.064000e+01 -7.287774e-04
3.066000e+01 -8.607344e-03
3.068000e+01 -1.598952e-02
3.070000e+01 -1.561413e-02
3.072000e+01 -1.243294e-02
3.074000e+01 -5.026728e-03
3.076000e+01 2.261197e-04
3.078000e+01 3.265761e-03
3.080000e+01 7.111945e-03
3.082000e+01 1.253341e-02
3.084000e+01 2.145452e-02
3.086000e+01 2.750976e-02
3.088000e+01 3.294559e-02
3.090000e+01 3.795830e-02
3.092000e+01 3.523814e-02
3.094000e+01 3.034124e-02
3.096000e+01 2.911349e-02
3.098000e+01 2.822476e-02
3.100000e+01 3.732962e-02
3.102000e+01 4.710501e-02
3.104000e+01 5.439258e-02
3.106000e+01 5.418549e-02
3.108000e+01 3.504751e-02
3.110000e+01 1.408123e-02
3.112000e+01 -1.479258e-02
3.114000e+01 -3.978265e-02
3.116000e+01 -6.487974e-02
3.118000e+01 -6.750386e-02
3.120000e+01 -4.966103e-02
3.122000e+01 -3.206788e-02
3.124000e+01 -5.110639e-03
3.126000e+01 7.422550e-03
3.128000e+01 5.803339e-03
3.130000e+01 -8.571304e-05
3.132000e+01 -9.964979e-03
3.134000e+01 -2.364809e-02
3.136000e+01 -3.595353e-02
3.138000e+01 -4.536176e-02
3.140000e+01 -4.938974e-02
3.142000e+01 -4.436228e-02
3.144000e+01 -3.263957e-02
3.146000e+01 -1.476135e-02
3.148000e+01 8.834279e-03
3.150000e+01 3.400332e-02
3.152000e+01 5.665192e-02
3.154000e+01 6.863150e-02
3.156000e+01 7.028872e-02
3.158000e+01 5.804557e-02
3.160000e+01 3.816966e-02
3.162000e+01 2.516836e-02
3.164000e+01 1.636307e-02
3.166000e+01 7.841424e-03
3.168000e+01 1.325881e-03
3.170000e+01 -5.428168e-03
3.172000e+01 -9.915982e-03
3.174000e+01 -5.442125e-03
3.176000e+01 7.078651e-04
3.178000e+01 4.757031e-03
3.180000e+01 1.980661e-03
3.182000e+01 -2.307502e-03
3.184000e+01 -5.589934e-03
3.186000e+01 -7.046005e-03
3.188000e+01 -8.273359e-03
3.190000e+01 -8.706855e-03
3.192000e+01 -6.630890e-03
3.194000e+01 3.603644e-04
3.196000e+01 9.893281e-03
3.198000e+01 2.183057e-02
3.200000e+01 3.455339e-02
3.202000e+01 4.922365e-02
3.204000e+01 6.119747e-02
3.206000e+01 5.846772e-02
3.208000e+01 4.770151e-02
3.210000e+01 2.472097e-02
3.212000e+01 1.142981e-03
3.214000e+01 -1.190717e-02
3.216000e+01 -2.466574e-02
3.218000e+01 -3.230135e-02
3.220000e+01 -3.631856e-02
3.222000e+01 -2.839541e-02
3.224000e+01 -1.547831e-02
3.226000e+01 -1.383554e-03
3.228000e+01 1.301176e-02
3.230000e+01 2.413210e-02
3.232000e+01 2.975836e-02
3.234000e+01 1.864641e-02
3.236000e+01 3.797651e-03
3.238000e+01 -9.555967e-03
3.240000e+01 -2.035948e-02
3.242000e+01 -2.835267e-02
3.244000e+01 -3.039353e-02
3.246000e+01 -2.259430e-02
3.248000e+01 -1.315762e-02
3.250000e+01 -2.887126e-03
3.252000e+01 4.643262e-03
3.254000e+01 9.831406e-03
3.256000e+01 1.045092e-02
3.258000e+01 8.750903e-03
3.260000e+01 6.431940e-03
3.262000e+01 5.822891e-03
3.264000e+01 7.936543e-03
3.266000e+01 1.225530e-02
3.268000e+01 1.969694e-02
3.270000e+01 3.030072e-02
3.272000e+01 3.925591e-02
3.274000e+01 4.622797e-02
3.276000e+01 4.777305e-02
3.278000e+01 3.924865e-02
3.280000e+01 2.622025e-02
3.282000e+01 8.947369e-03
3.284000e+01 -9.315103e-03
3.286000e+01 -2.556574e-02
3.288000e+01 -4.001618e-02
3.290000e+01 -4.331368e-02
3.292000e+01 -3.655616e-02
3.294000e+01 -2.672292e-02
3.296000e+01 -1.383080e-02
3.298000e+01 -1.879063e-03
3.300000e+01 1.109340e-02
3.302000e+01 1.814560e-02
3.304000e+01 2.332684e-02
3.306000e+01 2.265433e-02
3.308000e+01 1.891992e-02
3.310000e+01 1.107885e-02
3.312000e+01 4.008449e-03
3.314000e+01 -2.889716e-03
3.316000e+01 -9.373839e-03
3.318000e+01 -1.524658e-02
3.320000e+01 -2.012138e-02
3.322000e+01 -2.146845e-02
3.324000e+01 -2.158443e-02
3.326000e+01 -1.822747e-02
3.328000e+01 -1.220400e-02
3.330000e+01 -7.232580e-03
3.332000e+01 -2.810436e-03
3.334000e+01 9.304631e-05
3.336000e+01 -6.692341e-04
3.338000e+01 -2.252335e-03
3.340000e+01 -6.742143e-03
3.342000e+01 -1.004082e-02
3.344000e+01 -9.231755e-03
3.346000e+01 -2.097629e-03
3.348000e+01 4.054292e-03
3.350000e+01 4.958601e-03
3.352000e+01 2.790823e-03
3.354000e+01 2.939886e-03
3.356000e+01 8.563132e-03
3.358000e+01 1.117281e-02
3.360000e+01 1.131127e-02
3.362000e+01 8.946043e-03
3.364000e+01 8.854309e-03
3.366000e+01 8.221238e-03
3.368000e+01 1.174369e-02
3.370000e+01 1.749660e-02
3.372000e+01 2.150699e-02
3.374000e+01 1.559531e-02
3.376000e+01 9.441867e-03
3.378000e+01 -2.868816e-04
3.380000e+01 -7.639096e-03
3.382000e+01 -1.475079e-02
3.384000e+01 -2.099348e-02
3.386000e+01 -2.514498e-02
3.388000e+01 -2.858887e-02
3.390000e+01 -3.310988e-02
3.392000e+01 -2.841730e-02
3.394000e+01 -2.105523e-02
3.396000e+01 -1.267066e-02
3.398000e+01 -3.791087e-03
3.400000e+01 2.214771e-03
3.402000e+01 1.356047e-03
3.404000e+01 -1.867024e-03
3.406000e+01 -8.179467e-03
3.408000e+01 -1.149224e-02
3.410000e+01 -1.741928e-02
3.412000e+01 -2.325639e-02
3.414000e+01 -2.998512e-02
3.416000e+01 -3.377340e-02
3.418000e+01 -3.564289e-02
3.420000e+01 -3.018367e-02
3.422000e+01 -1.868056e-02
3.424000e+01 -5.497823e-03
3.426000e+01 8.725080e-03
3.428000e+01 2.107327e-02
3.430000e+01 3.235978e-02
3.432000e+01 3.340570e-02
3.434000e+01 3.189161e-02
3.436000e+01 2.773785e-02
3.438000e+01 2.224169e-02
3.440000e+01 1.471949e-02
3.442000e+01 4.878055e-03
3.444000e+01 -5.862752e-05
3.446000e+01 -2.324557e-03
3.448000e+01 -4.716827e-03
3.450000e+01 -9.323319e-03
3.452000e+01 -1.761970e-02
3.454000e+01 -2.784604e-02
3.456000e+01 -3.345880e-02
3.458000e+01 -3.210213e-02
3.460000e+01 -3.171477e-02
3.462000e+01 -2.661099e-02
3.464000e+01 -1.950454e-02
3.466000e+01 -8.815320e-03
3.468000e+01 3.453350e-03
3.470000e+01 1.601136e-02
3.472000e+01 2.850943e-02
3.474000e+01 3.936218e-02
3.476000e+01 4.795274e-02
3.478000e+01 5.178598e-02
3.480000e+01 4.836865e-02
3.482000e+01 4.001692e-02
3.484000e+01 2.680356e-02
3.486000e+01 1.427112e-02
3.488000e+01 -1.232737e-03
3.490000e+01 -1.879551e-02
3.492000e+01 -3.482398e-02
3.494000e+01 -4.431211e-02
3.496000e+01 -4.996899e-02
3.498000e+01 -4.872492e-02
3.500000e+01 -4.557889e-02
3.502000e+01 -4.021226e-02
3.504000e+01 -3.133082e-02
3.506000e+01 -2.305655e-02
3.508000e+01 -1.410165e-02
3.510000e+01 -4.386689e-03
3.512000e+01 3.321051e-03
3.514000e+01 8.823144e-03
3.516000e+01 9.708622e-03
3.518000e+01 9.953414e-03
3.520000e+01 1.010123e-02
3.522000e+01 1.110726e-02
3.524000e+01 1.566478e-02
3.526000e+01 1.509056e-02
3.528000e+01 1.374129e-02
3.530000e+01 1.125270e-02
3.532000e+01 5.504236e-03
3.534000e+01 1.276359e-04
3.536000e+01 -6.119635e-03
3.538000e+01 -1.111162e-02
3.540000e+01 -1.650474e-02
3.542000e+01 -1.469469e-02
3.544000e+01 -5.413060e-03
3.546000e+01 2.321737e-03
3.548000e+01 1.148214e-02
3.550000e+01 1.301504e-02
3.552000e+01 1.312866e-02
3.554000e+01 1.017736e-02
3.556000e+01 5.634190e-03
3.558000e+01 1.758001e-03
3.560000e+01 -1.058890e-03
3.562000e+01 -4.816395e-03
3.564000e+01 -5.805356e-03
3.566000e+01 -5.249826e-03
3.568000e+01 -2.354431e-03
3.570000e+01 1.117989e-03
3.572000e+01 9.004442e-03
3.574000e+01 1.563997e-02
3.576000e+01 2.098664e-02
3.578000e+01 1.646150e-02
3.580000e+01 7.420674e-03
3.582000e+01 -2.882306e-03
3.584000e+01 -1.449137e-02
3.586000e+01 -2.515047e-02
3.588000e+01 -3.031038e-02
3.590000e+01 -3.158764e-02
3.592000e+01 -3.082818e-02
3.594000e+01 -2.737800e-02
3.596000e+01 -2.223705e-02
3.598000e+01 -1.338681e-02
3.600000e+01 -5.216041e-03
3.602000e+01 2.782415e-03
3.604000e+01 8.182462e-03
3.606000e+01 9.007482e-03
3.608000e+01 8.913140e-03
3.610000e+01 7.048633e-03
3.612000e+01 6.043658e-03
3.614000e+01 4.711895e-03
3.616000e+01 2.905358e-03
3.618000e+01 1.604973e-03
3.620000e+01 -1.247140e-03
3.622000e+01 -4.881757e-03
3.624000e+01 -7.278971e-03
3.626000e+01 -8.705383e-03
3.628000e+01 -6.076352e-03
3.630000e+01 -2.051142e-03
3.632000e+01 3.986044e-03
3.634000e+01 1.090393e-02
3.636000e+01 1.569799e-02
3.638000e+01 2.195551e-02
3.640000e+01 2.756145e-02
3.642000e+01 3.604822e-02
3.644000e+01 4.402176e-02
3.646000e+01 4.996353e-02
3.648000e+01 5.355752e-02
3.650000e+01 5.374458e-02
3.652000e+01 4.573840e-02
3.654000e+01 3.550327e-02
3.656000e+01 2.297594e-02
3.658000e+01 9.760510e-03
3.660000e+01 -3.378867e-03
3.662000e+01 -1.406716e-02
3.664000e+01 -2.352856e-02
3.666000e+01 -2.999896e-02
3.668000e+01 -3.575800e-02
3.670000e+01 -4.008827e-02
3.672000e+01 -4.270511e-02
3.674000e+01 -4.366318e-02
3.676000e+01 -4.281264e-02
3.678000e+01 -4.029485e-02
3.680000e+01 -3.752209e-02
3.682000e+01 -3.535832e-02
3.684000e+01 -3.187096e-02
3.686000e+01 -2.935833e-02
3.688000e+01 -2.735571e-02
3.690000e+01 -2.693080e-02
3.692000e+01 -2.468347e-02
3.694000e+01 -2.176937e-02
3.696000e+01 -1.981732e-02
3.698000e+01 -2.103189e-02
3.700000e+01 -2.414070e-02
3.702000e+01 -2.622979e-02
3.704000e+01 -2.822690e-02
3.706000e+01 -2.737721e-02
3.708000e+01 -2.578990e-02
3.710000e+01 -2.199727e-02
3.712000e+01 -1.698308e-02
3.714000e+01 -8.067291e-03
3.716000e+01 -1.096209e-03
3.718000e+01 5.004682e-03
3.720000e+01 1.072489e-02
3.722000e+01 1.448342e-02
3.724000e+01 1.778447e-02
3.726000e+01 1.939923e-02
3.728000e+01 2.033993e-02
3.730000e+01 2.032905e-02
3.732000e+01 2.211820e-02
3.734000e+01 2.404518e-02
3.736000e+01 2.692584e-02
3.738000e+01 3.048170e-02
3.740000e+01 3.408879e-02
3.742000e+01 3.772760e-02
3.744000e+01 4.013710e-02
3.746000e+01 3.816357e-02
3.748000e+01 3.513280e-02
3.750000e+01 3.022265e-02
3.752000e+01 2.380450e-02
3.754000e+01 1.369404e-02
3.756000e+01 3.518315e-03
3.758000e+01 -5.439577e-03
3.760000e+01 -1.157602e-02
3.762000e+01 -1.227637e-02
3.764000e+01 -1.133558e-02
3.766000e+01 -8.524641e-03
3.768000e+01 -4.390350e-03
3.770000e+01 4.391512e-04
3.772000e+01 6.598619e-03
3.774000e+01 1.201551e-02
3.776000e+01 1.735714e-02
3.778000e+01 1.913001e-02
3.780000e+01 1.820224e-02
3.782000e+01 1.828157e-02
3.784000e+01 1.816272e-02
3.786000e+01 1.716192e-02
3.788000e+01 1.536742e-02
3.790000e+01 1.237281e-02
3.792000e+01 4.974169e-03
3.794000e+01 -3.139070e-03
3.796000e+01 -1.212500e-02
3.798000e+01 -1.980572e-02
3.800000e+01 -2.495854e-02
3.802000e+01 -2.824497e-02
3.804000e+01 -2.887355e-02
3.806000e+01 -2.380164e-02
3.808000e+01 -1.480944e-02
3.810000e+01 -4.721388e-03
3.812000e+01 6.881751e-03
3.814000e+01 1.740232e-02
3.816000e+01 2.694628e-02
3.818000e+01 2.753134e-02
3.820000e+01 2.511611e-02
3.822000e+01 2.006680e-02
3.824000e+01 1.330077e-02
3.826000e+01 4.694730e-03
3.828000e+01 8.303148e-04
3.830000e+01 2.300255e-03
3.832000e+01 3.256899e-03
3.834000e+01 6.420991e-03
3.836000e+01 6.937791e-03
3.838000e+01 8.412062e-03
3.840000e+01 9.555351e-03
3.842000e+01 1.073300e-02
3.844000e+01 1.311247e-02
3.846000e+01 1.606764e-02
3.848000e+01 1.904810e-02
3.850000e+01 2.262870e-02
3.852000e+01 2.627382e-02
3.854000e+01 2.850521e-02
3.856000e+01 2.949347e-02
3.858000e+01 3.065037e-02
3.860000e+01 2.997154e-02
3.862000e+01 2.903995e-02
3.864000e+01 2.204448e-02
3.866000e+01 9.739301e-03
3.868000e+01 -2.473594e-03
3.870000e+01 -1.173124e-02
3.872000e+01 -1.994686e-02
3.874000e+01 -2.816002e-02
3.876000e+01 -3.741160e-02
3.878000e+01 -4.485148e-02
3.880000e+01 -4.543208e-02
3.882000e+01 -4.511852e-02
3.884000e+01 -4.306634e-02
3.886000e+01 -3.994471e-02
3.888000e+01 -3.618096e-02
3.890000e+01 -3.207056e-02
3.892000e+01 -2.866636e-02
3.894000e+01 -2.498505e-02
3.896000e+01 -2.139203e-02
3.898000e+01 -1.815358e-02
3.900000e+01 -1.449589e-02
3.902000e+01 -7.362283e-03
3.904000e+01 -5.271869e-04
3.906000e+01 3.637754e-03
3.908000e+01 4.176745e-03
3.910000e+01 5.107492e-03
3.912000e+01 4.672436e-03
3.914000e+01 4.553816e-03
3.916000e+01 5.949194e-03
3.918000e+01 7.871635e-03
3.920000e+01 9.048509e-03
3.922000e+01 1.065555e-02
3.924000e+01 9.833992e-03
3.926000e+01 7.560792e-03
3.928000e+01 5.695591e-03
3.930000e+01 3.902003e-03
3.932000e+01 3.539495e-03
3.934000e+01 3.908317e-03
3.936000e+01 7.687573e-03
3.938000e+01 1.277891e-02
3.940000e+01 1.732327e-02
3.942000e+01 2.137797e-02
3.944000e+01 2.395300e-02
3.946000e+01 2.509549e-02
3.948000e+01 2.416678e-02
3.950000e+01 2.210037e-02
3.952000e+01 1.964052e-02
3.954000e+01 1.689860e-02
3.956000e+01 1.475378e-02
3.958000e+01 1.584910e-02
3.960000e+01 1.778096e-02
3.962000e+01 1.199943e-02
3.964000e+01 4.268770e-03
3.966000e+01 -3.465594e-03
3.968000e+01 -1.144087e-02
3.970000e+01 -1.898582e-02
3.972000e+01 -2.577975e-02
3.974000e+01 -3.085495e-02
3.976000e+01 -3.383422e-02
3.978000e+01 -3.076163e-02
3.980000e+01 -2.539883e-02
3.982000e+01 -1.865388e-02
3.984000e+01 -1.028331e-02
3.986000e+01 -2.747338e-03
3.988000e+01 3.841297e-03
3.990000e+01 9.639825e-03
3.992000e+01 1.130283e-02
3.994000e+01 8.091940e-03
3.996000e+01 4.145334e-03
3.998000e+01 -9.332712e-04
4.000000e+01 -5.682209e-03
4.002000e+01 -9.510654e-03
4.004000e+01 -1.187760e-02
4.006000e+01 -1.299249e-02
4.008000e+01 -1.186514e-02
4.010000e+01 -7.272363e-03
4.012000e+01 -1.986813e-03
4.014000e+01 3.826459e-03
4.016000e+01 7.456277e-03
4.018000e+01 1.089367e-02
4.020000e+01 1.464444e-02
4.022000e+01 1.874734e-02
4.024000e+01 2.145593e-02
4.026000e+01 2.387285e-02
4.028000e+01 2.387929e-02
4.030000e+01 1.995199e-02
4.032000e+01 1.535569e-02
4.034000e+01 9.825199e-03
4.036000e+01 3.629711e-03
4.038000e+01 -2.381755e-03
4.040000e+01 -8.570447e-03
4.042000e+01 -1.032682e-02
4.044000e+01 -1.135597e-02
4.046000e+01 -1.171429e-02
4.048000e+01 -1.227283e-02
4.050000e+01 -1.284652e-02
4.052000e+01 -1.261832e-02
4.054000e+01 -1.158492e-02
4.056000e+01 -9.632807e-03
4.058000e+01 -7.295062e-03
4.060000e+01 -4.554195e-03
4.062000e+01 -1.771841e-03
4.064000e+01 5.503461e-04
4.066000e+01 2.225415e-03
4.068000e+01 3.169265e-03
4.070000e+01 3.244279e-03
4.072000e+01 -3.904191e-04
4.074000e+01 -4.243403e-03
4.076000e+01 -8.433027e-03
4.078000e+01 -1.265876e-02
4.080000e+01 -1.639914e-02
4.082000e+01 -1.981148e-02
4.084000e+01 -2.249510e-02
4.086000e+01 -2.545434e-02
4.088000e+01 -2.754495e-02
4.090000e+01 -2.923670e-02
4.092000e+01 -3.111538e-02
4.094000e+01 -3.295785e-02
4.096000e+01 -3.422386e-02
4.098000e+01 -3.523955e-02
4.100000e+01 -3.241634e-02
4.102000e+01 -2.748091e-02
4.104000e+01 -2.006552e-02
4.106000e+01 -8.295464e-03
4.108000e+01 1.736710e-03
4.110000e+01 9.702339e-03
4.112000e+01 1.717180e-02
4.114000e+01 2.260876e-02
4.116000e+01 2.441254e-02
4.118000e+01 2.537428e-02
4.120000e+01 2.254390e-02
4.122000e+01 1.826780e-02
4.124000e+01 1.291023e-02
4.126000e+01 6.649747e-03
4.128000e+01 8.659810e-04
4.130000e+01 -3.576873e-03
4.132000e+01 -7.494757e-03
4.134000e+01 -5.296546e-03
4.136000e+01 -5.975113e-05
4.138000e+01 4.766756e-03
4.140000e+01 8.795534e-03
4.142000e+01 1.170868e-02
4.144000e+01 1.293117e-02
4.146000e+01 1.318964e-02
4.148000e+01 1.295364e-02
4.150000e+01 1.230480e-02
4.152000e+01 1.180271e-02
4.154000e+01 1.131722e-02
4.156000e+01 1.105534e-02
4.158000e+01 1.070182e-02
4.160000e+01 9.536717e-03
4.162000e+01 7.920750e-03
4.164000e+01 5.653295e-03
4.166000e+01 2.649047e-03
4.168000e+01 -5.033549e-04
4.170000e+01 -4.003397e-03
4.172000e+01 -4.984092e-03
4.174000e+01 -4.705351e-03
4.176000e+01 -3.474025e-03
4.178000e+01 -1.025584e-03
4.180000e+01 1.851436e-03
4.182000e+01 5.624495e-03
4.184000e+01 7.542655e-03
4.186000e+01 9.533737e-03
4.188000e+01 1.125397e-02
4.190000e+01 1.229196e-02
4.192000e+01 1.228594e-02
4.194000e+01 1.181478e-02
4.196000e+01 1.077622e-02
4.198000e+01 9.254988e-03
4.200000e+01 7.387178e-03
4.202000e+01 5.011554e-03
4.204000e+01 3.948638e-03
4.206000e+01 3.374943e-03
4.208000e+01 2.336900e-03
4.210000e+01 2.680722e-03
4.212000e+01 3.740952e-03
4.214000e+01 3.995268e-03
4.216000e+01 4.562898e-03
4.218000e+01 5.769937e-03
4.220000e+01 7.052713e-03
4.222000e+01 9.085213e-03
4.224000e+01 1.110754e-02
4.226000e+01 1.271817e-02
4.228000e+01 1.436588e-02
4.230000e+01 1.584135e-02
4.232000e+01 1.053763e-02
4.234000e+01 9.374370e-03
4.236000e+01 1.008637e-02
4.238000e+01 8.962044e-03
4.240000e+01 8.280358e-03
4.242000e+01 6.024558e-03
4.244000e+01 2.197897e-03
4.246000e+01 -2.560945e-03
4.248000e+01 -7.726127e-03
4.250000e+01 -1.310332e-02
4.252000e+01 -1.805907e-02
4.254000e+01 -2.200949e-02
4.256000e+01 -2.092711e-02
4.258000e+01 -1.954173e-02
4.260000e+01 -1.667518e-02
4.262000e+01 -1.339148e-02
4.264000e+01 -9.783283e-03
4.266000e+01 -8.116347e-03
4.268000e+01 -7.258584e-03
4.270000e+01 -6.352220e-03
4.272000e+01 -5.671726e-03
4.274000e+01 -3.840046e-03
4.276000e+01 -1.462186e-03
4.278000e+01 1.530043e-03
4.280000e+01 5.122246e-03
4.282000e+01 8.455925e-03
4.284000e+01 1.076965e-02
4.286000e+01 1.163331e-02
4.288000e+01 9.117611e-03
4.290000e+01 5.897371e-03
4.292000e+01 8.028219e-04
4.294000e+01 -3.259641e-03
4.296000e+01 -7.297389e-03
4.298000e+01 -1.111739e-02
4.300000e+01 -1.412133e-02
4.302000e+01 -1.606812e-02
4.304000e+01 -1.702082e-02
4.306000e+01 -1.554371e-02
4.308000e+01 -1.240486e-02
4.310000e+01 -5.881938e-03
4.312000e+01 6.174151e-04
4.314000e+01 7.884123e-03
4.316000e+01 1.236045e-02
4.318000e+01 1.350334e-02
4.320000e+01 1.458674e-02
4.322000e+01 1.420316e-02
4.324000e+01 1.327570e-02
4.326000e+01 1.164452e-02
4.328000e+01 9.546906e-03
4.330000e+01 6.465428e-03
4.332000e+01 1.137742e-03
4.334000e+01 -3.842656e-03
4.336000e+01 -8.473472e-03
4.338000e+01 -8.609806e-03
4.340000e+01 -8.631071e-03
4.342000e+01 -7.239797e-03
4.344000e+01 -5.358362e-03
4.346000e+01 -2.649152e-03
4.348000e+01 -5.221934e-04
4.350000e+01 1.020761e-03
4.352000e+01 2.653287e-03
4.354000e+01 3.678204e-03
4.356000e+01 4.235266e-03
4.358000e+01 4.492370e-03
4.360000e+01 4.478735e-03
4.362000e+01 3.496524e-03
4.364000e+01 1.873145e-03
4.366000e+01 -1.678875e-03
4.368000e+01 -5.164364e-03
4.370000e+01 -8.808421e-03
4.372000e+01 -1.200199e-02
4.374000e+01 -1.397614e-02
4.376000e+01 -1.415134e-02
4.378000e+01 -1.336911e-02
4.380000e+01 -1.114749e-02
4.382000e+01 -8.438699e-03
4.384000e+01 -5.039263e-03
4.386000e+01 -2.741938e-03
4.388000e+01 -2.028495e-03
4.390000e+01 -1.718206e-03
4.392000e+01 -2.591876e-03
4.394000e+01 -3.150046e-03
4.396000e+01 -3.084669e-03
4.398000e+01 -3.743875e-03
4.400000e+01 -3.388035e-03
4.402000e+01 -1.054223e-03
4.404000e+01 1.211106e-03
4.406000e+01 4.040840e-03
4.408000e+01 6.321349e-03
4.410000e+01 6.184788e-03
4.412000e+01 6.226958e-03
4.414000e+01 5.561826e-03
4.416000e+01 4.671334e-03
4.418000e+01 4.645366e-03
4.420000e+01 4.859360e-03
4.422000e+01 4.435474e-03
4.424000e+01 3.639137e-03
4.426000e+01 3.086450e-03
4.428000e+01 2.798534e-03
4.430000e+01 2.689585e-03
4.432000e+01 3.469159e-03
4.434000e+01 5.342192e-03
4.436000e+01 6.884050e-03
4.438000e+01 8.702126e-03
4.440000e+01 8.897824e-03
4.442000e+01 8.620904e-03
4.444000e+01 8.527821e-03
4.446000e+01 8.099739e-03
4.448000e+01 7.979222e-03
4.450000e+01 7.935155e-03
4.452000e+01 8.084452e-03
4.454000e+01 8.115750e-03
4.456000e+01 8.305148e-03
4.458000e+01 8.301123e-03
4.460000e+01 8.041101e-03
4.462000e+01 6.087131e-03
4.464000e+01 3.934339e-03
4.466000e+01 1.844747e-03
4.468000e+01 1.215024e-03
4.470000e+01 2.680190e-04
4.472000e+01 1.333403e-05
4.474000e+01 1.407010e-04
4.476000e+01 3.375734e-04
4.478000e+01 3.304415e-05
4.480000e+01 1.326867e-03
4.482000e+01 3.229307e-03
4.484000e+01 5.200313e-03
4.486000e+01 7.188440e-03
4.488000e+01 8.778995e-03
4.490000e+01 8.658674e-03
4.492000e+01 8.147883e-03
4.494000e+01 7.003374e-03
4.496000e+01 6.006641e-03
4.498000e+01 4.657370e-03
4.500000e+01 3.078022e-03
4.502000e+01 1.190065e-03
4.504000e+01 -1.608979e-03
4.506000e+01 -5.087712e-03
4.508000e+01 -8.476025e-03
4.510000e+01 -1.204513e-02
4.512000e+01 -1.538454e-02
4.514000e+01 -1.845720e-02
4.516000e+01 -2.104807e-02
4.518000e+01 -2.181899e-02
4.520000e+01 -1.866776e-02
4.522000e+01 -1.567893e-02
4.524000e+01 -1.133335e-02
4.526000e+01 -8.566586e-03
4.528000e+01 -6.764431e-03
4.530000e+01 -5.457695e-03
4.532000e+01 -5.133772e-03
4.534000e+01 -5.538183e-03
4.536000e+01 -6.538896e-03
4.538000e+01 -8.189131e-03
4.540000e+01 -9.831836e-03
4.542000e+01 -1.143744e-02
4.544000e+01 -1.259281e-02
4.546000e+01 -1.268778e-02
4.548000e+01 -1.235389e-02
4.550000e+01 -1.022784e-02
4.552000e+01 -6.627455e-03
4.554000e+01 -2.460421e-03
4.556000e+01 1.620129e-03
4.558000e+01 4.486997e-03
4.560000e+01 7.986735e-03
4.562000e+01 1.068063e-02
4.564000e+01 1.380831e-02
4.566000e+01 1.765496e-02
4.568000e+01 2.029997e-02
4.570000e+01 1.816222e-02
4.572000e+01 1.580332e-02
4.574000e+01 1.228215e-02
4.576000e+01 8.410333e-03
4.578000e+01 6.278822e-03
4.580000e+01 5.294231e-03
4.582000e+01 4.539102e-03
4.584000e+01 4.399313e-03
4.586000e+01 2.999722e-03
4.588000e+01 2.093805e-03
4.590000e+01 1.516225e-03
4.592000e+01 1.702825e-03
4.594000e+01 1.057011e-03
4.596000e+01 9.043212e-04
4.598000e+01 -1.399997e-03
4.600000e+01 -5.992725e-03
4.602000e+01 -9.856800e-03
4.604000e+01 -1.028528e-02
4.606000e+01 -1.064382e-02
4.608000e+01 -1.065262e-02
4.610000e+01 -9.943576e-03
4.612000e+01 -9.041455e-03
4.614000e+01 -8.510310e-03
4.616000e+01 -8.717483e-03
4.618000e+01 -9.490776e-03
4.620000e+01 -9.937803e-03
4.622000e+01 -1.063872e-02
4.624000e+01 -1.064838e-02
4.626000e+01 -8.315957e-03
4.628000e+01 -5.246427e-03
4.630000e+01 -2.317315e-03
4.632000e+01 1.049962e-03
4.634000e+01 3.884267e-03
4.636000e+01 6.540991e-03
4.638000e+01 4.265829e-03
4.640000e+01 8.800395e-04
4.642000e+01 -2.348484e-03
4.644000e+01 -5.831289e-03
4.646000e+01 -8.786786e-03
4.648000e+01 -1.038694e-02
4.650000e+01 -9.347255e-03
4.652000e+01 -8.307988e-03
4.654000e+01 -6.492692e-03
4.656000e+01 -4.620830e-03
4.658000e+01 -2.870929e-03
4.660000e+01 -1.490269e-03
4.662000e+01 -5.821432e-04
4.664000e+01 -1.610548e-04
4.666000e+01 1.166909e-03
4.668000e+01 2.630136e-03
4.670000e+01 3.492644e-03
4.672000e+01 4.671162e-03
4.674000e+01 4.585580e-03
4.676000e+01 3.826565e-03
4.678000e+01 3.713082e-03
4.680000e+01 3.396961e-03
4.682000e+01 4.535901e-03
4.684000e+01 6.728032e-03
4.686000e+01 9.033612e-03
4.688000e+01 1.187700e-02
4.690000e+01 1.449924e-02
4.692000e+01 1.595981e-02
4.694000e+01 1.743602e-02
4.696000e+01 1.858269e-02
4.698000e+01 1.936267e-02
4.700000e+01 1.980046e-02
4.702000e+01 1.886776e-02
4.704000e+01 1.775442e-02
4.706000e+01 1.603874e-02
4.708000e+01 1.394819e-02
4.710000e+01 1.145759e-02
4.712000e+01 8.850162e-03
4.714000e+01 5.797533e-03
4.716000e+01 2.938596e-03
4.718000e+01 -6.426195e-05
4.720000e+01 -2.703707e-03
4.722000e+01 -5.112506e-03
4.724000e+01 -6.788646e-03
4.726000e+01 -8.424356e-03
4.728000e+01 -9.276524e-03
4.730000e+01 -9.814887e-03
4.732000e+01 -9.673180e-03
4.734000e+01 -8.963309e-03
4.736000e+01 -6.668484e-03
4.738000e+01 -4.202029e-03
4.740000e+01 -1.487759e-03
4.742000e+01 5.406743e-04
4.744000e+01 4.016406e-04
4.746000e+01 -3.229619e-04
4.748000e+01 -1.741611e-03
4.750000e+01 -3.688954e-03
4.752000e+01 -5.910059e-03
4.754000e+01 -6.967906e-03
4.756000e+01 -6.273139e-03
4.758000e+01 -5.150682e-03
4.760000e+01 -3.389113e-03
4.762000e+01 -4.647096e-04
4.764000e+01 3.030103e-03
4.766000e+01 6.257885e-03
4.768000e+01 8.554134e-03
4.770000e+01 9.702019e-03
4.772000e+01 1.142681e-02
4.774000e+01 1.418591e-02
4.776000e+01 1.645107e-02
4.778000e+01 1.936605e-02
4.780000e+01 1.858548e-02
4.782000e+01 1.598660e-02
4.784000e+01 1.385528e-02
4.786000e+01 1.048727e-02
4.788000e+01 7.424074e-03
4.790000e+01 3.675425e-03
4.792000e+01 3.084067e-04
4.794000e+01 -1.689249e-03
4.796000e+01 -3.329551e-03
4.798000e+01 -5.062409e-03
4.800000e+01 -7.317502e-03
4.802000e+01 -8.458105e-03
4.804000e+01 -8.162256e-03
4.806000e+01 -8.352139e-03
4.808000e+01 -8.593118e-03
4.810000e+01 -9.631103e-03
4.812000e+01 -1.120424e-02
4.814000e+01 -1.341454e-02
4.816000e+01 -1.563567e-02
4.818000e+01 -1.739466e-02
4.820000e+01 -1.886887e-02
4.822000e+01 -1.982590e-02
4.824000e+01 -2.038382e-02
4.826000e+01 -2.113737e-02
4.828000e+01 -2.125979e-02
4.830000e+01 -2.101121e-02
4.832000e+01 -2.020468e-02
4.834000e+01 -1.875155e-02
4.836000e+01 -1.550860e-02
4.838000e+01 -1.224788e-02
4.840000e+01 -8.390789e-03
4.842000e+01 -5.707834e-03
4.844000e+01 -3.850768e-03
4.846000e+01 -2.952649e-03
4.848000e+01 -3.078713e-03
4.850000e+01 -4.168636e-03
4.852000e+01 -5.806681e-03
4.854000e+01 -7.429139e-03
4.856000e+01 -7.755546e-03
4.858000e+01 -7.566979e-03
4.860000e+01 -6.056237e-03
4.862000e+01 -3.520623e-03
4.864000e+01 -3.160241e-05
4.866000e+01 3.263664e-03
4.868000e+01 6.393069e-03
4.870000e+01 8.709693e-03
4.872000e+01 9.736355e-03
4.874000e+01 8.183545e-03
4.876000e+01 6.603800e-03
4.878000e+01 4.608207e-03
4.880000e+01 2.909428e-03
4.882000e+01 3.226467e-03
4.884000e+01 4.649401e-03
4.886000e+01 5.598816e-03
4.888000e+01 4.973313e-03
4.890000e+01 3.938462e-03
4.892000e+01 2.212453e-03
4.894000e+01 8.671994e-05
4.896000e+01 -2.130175e-03
4.898000e+01 -3.368362e-03
4.900000e+01 -3.208029e-03
4.902000e+01 -2.621772e-03
4.904000e+01 -8.856828e-04
4.906000e+01 5.058918e-04
4.908000e+01 7.315756e-04
4.910000e+01 7.741317e-04
4.912000e+01 2.415486e-04
4.914000e+01 -1.113165e-03
4.916000e+01 -1.559404e-03
4.918000e+01 -2.092362e-03
4.920000e+01 -2.960438e-03
4.922000e+01 -4.674505e-03
4.924000e+01 -6.410499e-03
4.926000e+01 -8.329660e-03
4.928000e+01 -9.675763e-03
4.930000e+01 -1.017347e-02
4.932000e+01 -1.015343e-02
4.934000e+01 -1.031735e-02
4.936000e+01 -1.088759e-02
4.938000e+01 -1.097779e-02
4.940000e+01 -1.055015e-02
4.942000e+01 -8.394819e-03
4.944000e+01 -6.359237e-03
4.946000e+01 -4.657737e-03
4.948000e+01 -3.206907e-03
4.950000e+01 -2.506662e-03
4.952000e+01 -1.985078e-03
4.954000e+01 -2.264683e-03
4.956000e+01 -2.031203e-03
4.958000e+01 -1.187331e-03
4.960000e+01 3.316413e-03
4.962000e+01 8.067022e-03
4.964000e+01 1.284129e-02
4.966000e+01 1.438775e-02
4.968000e+01 1.564666e-02
4.970000e+01 1.524073e-02
4.972000e+01 1.414461e-02
4.974000e+01 1.223074e-02
4.976000e+01 1.080789e-02
4.978000e+01 8.767482e-03
4.980000e+01 6.661266e-03
4.982000e+01 5.823225e-03
4.984000e+01 5.497551e-03
4.986000e+01 6.896366e-03
4.988000e+01 8.497334e-03
4.990000e+01 9.168234e-03
4.992000e+01 9.123057e-03
4.994000e+01 7.812320e-03
4.996000e+01 4.477015e-03
4.998000e+01 4.593353e-04
5.000000e+01 -2.616907e-03
5.002000e+01 -5.666950e-03
5.004000e+01 -6.167890e-03
5.006000e+01 -3.999628e-03
5.008000e+01 -1.824456e-03
5.010000e+01 4.951130e-04
5.012000e+01 1.170625e-03
5.014000e+01 5.239448e-04
5.016000e+01 -4.556098e-04
5.018000e+01 -2.237475e-03
5.020000e+01 -3.762799e-03
5.022000e+01 -5.418604e-03
5.024000e+01 -6.774091e-03
5.026000e+01 -7.432279e-03
5.028000e+01 -7.681290e-03
5.030000e+01 -8.157821e-03
5.032000e+01 -8.212801e-03
5.034000e+01 -8.380563e-03
5.036000e+01 -7.936362e-03
5.038000e+01 -7.384050e-03
5.040000e+01 -5.709271e-03
5.042000e+01 -3.649202e-03
5.044000e+01 2.026655e-04
5.046000e+01 3.544301e-03
5.048000e+01 6.790260e-03
5.050000e+01 8.956421e-03
5.052000e+01 1.055745e-02
5.054000e+01 1.068826e-02
5.056000e+01 8.282531e-03
5.058000e+01 6.578373e-03
5.060000e+01 5.152721e-03
5.062000e+01 4.404132e-03
5.064000e+01 3.869847e-03
5.066000e+01 5.666855e-03
5.068000e+01 9.988121e-03
5.070000e+01 1.208441e-02
5.072000e+01 1.483432e-02
5.074000e+01 1.208426e-02
5.076000e+01 4.374351e-03
5.078000e+01 -8.180846e-04
5.080000e+01 -7.428788e-03
5.082000e+01 -2.107999e-03
5.084000e+01 1.064181e-02
5.086000e+01 2.204578e-02
5.088000e+01 3.536922e-02
5.090000e+01 3.257447e-02
5.092000e+01 2.173308e-02
5.094000e+01 1.837797e-02
5.096000e+01 1.239149e-02
5.098000e+01 8.469317e-03
5.100000e+01 -4.573255e-03
5.102000e+01 -1.942540e-02
5.104000e+01 -3.382635e-02
5.106000e+01 -2.754245e-02
5.108000e+01 -9.451462e-03
5.110000e+01 5.588780e-03
5.112000e+01 6.789836e-03
5.114000e+01 2.145271e-03
5.116000e+01 -2.471655e-03
5.118000e+01 -1.046436e-02
5.120000e+01 -1.467018e-02
5.122000e+01 -7.336626e-03
5.124000e+01 -7.207233e-04
5.126000e+01 4.351389e-03
5.128000e+01 9.981892e-05
5.130000e+01 -1.790810e-03
5.132000e+01 3.569297e-04
5.134000e+01 3.695802e-03
5.136000e+01 3.664626e-03
5.138000e+01 2.056195e-03
5.140000e+01 1.003873e-03
5.142000e+01 5.975727e-04
5.144000e+01 5.884901e-04
5.146000e+01 8.841383e-05
5.148000e+01 -1.021050e-04
5.150000e+01 -4.868016e-04
5.152000e+01 -1.433095e-04
5.154000e+01 1.598179e-04
5.156000e+01 4.181725e-04
5.158000e+01 5.280854e-04
5.160000e+01 8.043356e-04
5.162000e+01 6.482175e-04
5.164000e+01 4.970890e-04
5.166000e+01 5.127607e-04
5.168000e+01 7.859077e-04
5.170000e+01 8.944731e-04
5.172000e+01 9.423407e-04
5.174000e+01 8.638263e-04
5.176000e+01 7.536558e-04
5.178000e+01 5.870748e-04
5.180000e+01 5.020315e-04
5.182000e+01 4.099524e-04
5.184000e+01 3.828858e-04
5.186000e+01 3.163820e-04
5.188000e+01 2.711223e-04
5.190000e+01 1.622382e-04
5.192000e+01 6.291682e-05
5.194000e+01 -8.136431e-05
5.196000e+01 -1.892861e-04
5.198000e+01 -3.042068e-04
5.200000e+01 -3.557466e-04
5.202000e+01 -3.974534e-04
5.204000e+01 -3.807279e-04
5.206000e+01 -3.696802e-04
5.208000e+01 -3.261737e-04
5.210000e+01 -3.094499e-04
5.212000e+01 -2.770906e-04
5.214000e+01 -2.753446e-04
5.216000e+01 -2.561458e-04
5.218000e+01 -2.590155e-04
5.220000e+01 -2.390871e-04
5.222000e+01 -2.375214e-04
5.224000e+01 -2.161560e-04
5.226000e+01 -2.163934e-04
5.228000e+01 -2.007911e-04
5.230000e+01 -2.044733e-04
5.232000e+01 -1.862359e-04
5.234000e+01 -1.756798e-04
5.236000e+01 -1.333713e-04
5.238000e+01 -9.245195e-05
5.240000e+01 -2.372799e-05
5.242000e+01 3.127613e-05
5.244000e+01 9.327852e-05
5.246000e+01 1.203574e-04
5.248000e+01 1.372042e-04
5.250000e+01 1.139486e-04
5.252000e+01 8.780898e-05
5.254000e+01 4.201522e-05
5.256000e+01 1.940247e-05
5.258000e+01 2.901804e-06
5.260000e+01 2.545809e-05
5.262000e+01 5.664879e-05
5.264000e+01 1.134302e-04
5.266000e+01 1.546528e-04
5.268000e+01 1.922060e-04
5.270000e+01 1.898503e-04
5.272000e+01 1.702078e-04
5.274000e+01 1.128670e-04
5.276000e+01 5.421551e-05
5.278000e+01 -1.611748e-05
5.280000e+01 -6.037089e-05
5.282000e+01 -9.409485e-05
5.284000e+01 -9.134111e-05
5.286000e+01 -8.034666e-05
5.288000e+01 -4.676604e-05
5.290000e+01 -2.438884e-05
5.292000e+01 1.010772e-06
5.294000e+01 1.880728e-06
5.296000e+01 8.922042e-07
5.298000e+01 -2.041323e-05
5.300000e+01 -3.393155e-05
5.302000e+01 -5.638631e-05
5.304000e+01 -6.286794e-05
5.306000e+01 -7.526557e-05
5.308000e+01 -7.466609e-05
5.310000e+01 -8.630920e-05
5.312000e+01 -9.179391e-05
5.314000e+01 -1.129778e-04
5.316000e+01 -1.265254e-04
5.318000e+01 -1.488998e-04
5.320000e+01 -1.538675e-04
5.322000e+01 -1.578946e-04
5.324000e+01 -1.385290e-04
5.326000e+01 -1.178918e-04
5.328000e+01 -7.985365e-05
5.330000e+01 -5.084950e-05
5.332000e+01 -1.626850e-05
5.334000e+01 -3.596408e-07
5.336000e+01 1.604419e-05
5.338000e+01 1.447333e-05
5.340000e+01 1.879988e-05
5.342000e+01 1.313166e-05
5.344000e+01 2.087161e-05
5.346000e+01 2.336755e-05
5.348000e+01 3.993979e-05
5.350000e+01 4.828666e-05
5.352000e+01 6.558618e-05
5.354000e+01 6.959473e-05
5.356000e+01 7.933661e-05
5.358000e+01 7.527195e-05
5.360000e+01 7.871420e-05
5.362000e+01 7.098078e-05
5.364000e+01 7.251686e-05
5.366000e+01 6.238243e-05
5.368000e+01 5.856242e-05
5.370000e+01 3.852702e-05
5.372000e+01 2.071205e-05
5.374000e+01 -1.492158e-05
